0 296
1 312
2 336
3 358
4 342
5 320
6 306
7 284
8 306
9 292
10 274
11 252
12 232
13 252
14 228
15 210
16 188
17 210
18 232
19 214
20 238
21 250
22 272
23 250
24 268
25 250
26 266
27 238
28 258
29 280
30 298
31 276
32 296
33 286
34 262
35 244
36 266
37 286
38 298
39 298
40 276
41 276
42 254
43 254
44 272
45 254
46 268
47 250
48 268
49 284
50 266
51 244
52 244
53 260
54 260
55 260
56 246
57 228
58 208
59 208
60 194
61 194
62 180
63 190
64 172
65 172
66 154
67 154
68 154
69 146
70 146
71 158
72 170
73 170
74 152
75 166
76 146
77 134
78 124
79 124
80 124
81 108
82 98
83 108
84 118
85 130
86 130
87 116
88 104
89 96
90 84
91 78
92 78
93 78
94 60
95 60
96 60
97 60
98 70
99 58
100 50
101 44
102 40
103 40
104 50
105 54
106 48
107 58
108 68
109 68
110 78
111 78
112 66
113 66
114 66
115 66
116 66
117 74
118 74
119 74
120 64
121 64
122 58
123 60
124 60
125 60
126 50
127 58
128 52
129 52
130 44
131 52
132 60
133 56
134 52
135 60
136 66
137 66
138 66
139 66
140 66
141 54
142 60
143 60
144 60
145 60
146 60
147 60
148 60
149 52
150 52
151 52
152 52
153 40
154 36
155 26
156 20
157 26
158 26
159 26
160 20
161 20
162 12
163 4
164 0
165 4
166 4
167 4
168 8
169 8
170 10
171 10
172 6
173 6
174 6
175 6
176 0
177 0
178 0
179 0
180 0
181 4
182 -2
183 2
184 2
185 6
186 6
187 10
188 10
189 10
190 10
191 10
192 10
193 10
194 10
195 10
196 8
197 8
198 8
199 8
200 8
201 8
202 8
203 8
204 8
205 8
206 8
207 8
208 10
209 10
210 8
211 8
212 8
213 8
214 6
215 4
216 4
217 2
218 2
219 2
220 4
221 4
222 2
223 4
224 0
225 0
226 2
227 2
228 4
229 4
230 4
231 4
232 4
233 4
234 4
235 4
236 2
237 2
238 4
239 4
240 4
241 6
242 6
243 6
244 6
245 6
246 6
247 6
248 6
249 6
250 2
251 2
252 2
253 2
254 2
255 2
256 2
257 4
258 4
259 4
260 4
261 6
262 6
263 6
264 8
265 8
266 4
267 4
268 4
269 4
270 4
271 4
272 4
273 4
274 -2
275 -2
276 -2
277 -2
278 -2
279 -2
280 -2
281 -2
282 -2
283 -2
284 -2
285 -2
286 -2
287 -2
288 -2
289 -2
290 -2
291 -2
292 -4
293 -4
294 -4
295 -4
296 -4
297 -4
298 -4
299 -4
300 -4
301 -10
302 -10
303 -10
304 -10
305 -10
306 -10
307 -10
308 -10
309 -10
310 -10
311 -10
312 -10
313 -10
314 -10
315 -10
316 -10
317 -10
318 -10
319 -10
320 -10
321 -10
322 -10
323 -12
324 -12
325 -12
326 -12
327 -12
328 -12
329 -12
330 -12
331 -12
332 -12
333 -12
334 -12
335 -12
336 -12
337 -12
338 -12
339 -12
340 -12
341 -12
342 -12
343 -12
344 -12
345 -12
346 -12
347 -12
348 -12
349 -12
350 -12
351 -12
352 -12
353 -12
354 -12
355 -12
356 -12
357 -12
358 -12
359 -12
360 -12
361 -12
362 -12
363 -12
364 -12
365 -12
366 -12
367 -12
368 -12
369 -12
370 -12
371 -12
372 -12
373 -12
374 -12
375 -12
376 -12
377 -12
378 -12
379 -12
380 -12
381 -12
382 -12
383 -12
384 -12
385 -12
386 -12
387 -12
388 -12
389 -12
390 -12
391 -12
392 -12
393 -12
394 -12
395 -12
396 -12
397 -12
398 -12
399 -12
400 -12
401 -12
402 -12
403 -12
404 -12
405 -12
406 -12
407 -12
408 -12
409 -12
410 -12
411 -12
412 -12
413 -12
414 -12
415 -12
416 -12
417 -12
418 -12
419 -12
420 -12
421 -12
422 -12
423 -12
424 -12
425 -12
426 -12
427 -12
428 -12
429 -12
430 -12
431 -12
432 -12
433 -12
434 -12
435 -12
436 -12
437 -12
438 -12
439 -12
440 -12
441 -12
442 -12
443 -12
444 -12
445 -12
446 -12
447 -12
448 -12
449 -12
450 -12
451 -12
452 -12
453 -12
454 -12
455 -12
456 -12
457 -12
458 -12
459 -12
460 -12
461 -12
462 -12
463 -12
464 -12
465 -12
466 -12
467 -12
468 -12
469 -12
470 -12
471 -12
472 -12
473 -12
474 -12
475 -12
476 -12
477 -12
478 -12
479 -12
480 -12
481 -12
482 -12
483 -12
484 -12
485 -12
486 -12
487 -12
488 -12
489 -12
490 -12
491 -12
492 -12
493 -12
494 -12
495 -12
496 -12
497 -12
498 -12
499 -12
500 -12
501 -12
502 -12
503 -12
504 -12
505 -12
506 -12
507 -12
508 -12
509 -12
510 -12
511 -12
512 -12
513 -12
514 -12
515 -12
516 -12
517 -12
518 -12
519 -12
520 -12
521 -12
522 -12
523 -12
524 -12
525 -12
526 -12
527 -12
528 -12
529 -12
530 -12
531 -12
532 -12
533 -12
534 -12
535 -12
536 -12
537 -12
538 -12
539 -12
540 -12
541 -12
542 -12
543 -12
544 -12
545 -12
546 -12
547 -12
548 -12
549 -12
550 -12
551 -12
552 -12
553 -12
554 -12
555 -12
556 -12
557 -12
558 -12
559 -12
560 -12
561 -12
562 -12
563 -12
564 -14
565 -14
566 -14
567 -14
568 -14
569 -14
570 -14
571 -14
572 -14
573 -14
574 -14
575 -14
576 -14
577 -14
578 -14
579 -14
580 -14
581 -14
582 -14
583 -14
584 -14
585 -14
586 -14
587 -14
588 -14
589 -14
590 -14
591 -14
592 -14
593 -14
594 -14
595 -14
596 -14
597 -14
598 -14
599 -14
600 -14
601 -14
602 -14
603 -14
604 -14
605 -14
606 -14
607 -14
608 -14
609 -14
610 -14
611 -14
612 -14
613 -14
614 -14
615 -14
616 -14
617 -14
618 -14
619 -14
620 -14
621 -14
622 -14
623 -14
624 -14
625 -14
626 -14
627 -14
628 -14
629 -14
630 -14
631 -14
632 -14
633 -14
634 -14
635 -14
636 -14
637 -14
638 -14
639 -14
640 -14
641 -14
642 -14
643 -14
644 -14
645 -14
646 -14
647 -14
648 -14
649 -14
650 -14
651 -14
652 -14
653 -14
654 -14
655 -14
656 -14
657 -14
658 -14
659 -14
660 -14
661 -14
662 -14
663 -14
664 -14
665 -14
666 -14
667 -14
668 -14
669 -14
670 -14
671 -14
672 -14
673 -14
674 -14
675 -14
676 -14
677 -14
678 -14
679 -14
680 -14
681 -14
682 -14
683 -14
684 -14
685 -14
686 -14
687 -14
688 -14
689 -14
690 -14
691 -14
692 -14
693 -14
694 -14
695 -14
696 -14
697 -14
698 -14
699 -14
700 -14
701 -14
702 -14
703 -14
704 -14
705 -14
706 -16
