0 32
1 40
2 50
3 60
4 46
5 34
6 24
7 36
8 26
9 16
10 8
11 18
12 28
13 36
14 26
15 22
16 34
17 44
18 54
19 64
20 50
21 62
22 50
23 36
24 30
25 38
26 48
27 62
28 48
29 40
30 30
31 20
32 14
33 18
34 28
35 22
36 12
37 18
38 26
39 36
40 50
41 40
42 30
43 42
44 32
45 20
46 32
47 20
48 10
49 20
50 14
51 20
52 28
53 36
54 28
55 20
56 30
57 40
58 36
59 46
60 32
61 24
62 30
63 40
64 48
65 60
66 48
67 38
68 50
69 38
70 28
71 18
72 28
73 20
74 30
75 36
76 48
77 56
78 42
79 36
80 48
81 62
82 52
83 44
84 34
85 28
86 20
87 24
88 30
89 40
90 52
91 38
92 46
93 60
94 50
95 40
96 32
97 24
98 32
99 26
100 30
101 40
102 34
103 42
104 32
105 24
106 30
107 24
108 18
109 20
110 12
111 20
112 30
113 26
114 20
115 26
116 30
117 38
118 32
119 24
120 34
121 44
122 34
123 42
124 52
125 38
126 48
127 38
128 32
129 38
130 28
131 36
132 50
133 40
134 34
135 24
136 16
137 10
138 14
139 22
140 16
141 22
142 32
143 26
144 18
145 24
146 32
147 38
148 50
149 42
150 30
151 20
152 32
153 38
154 24
155 34
156 24
157 12
158 22
159 36
160 48
161 60
162 60
163 44
164 36
165 30
166 20
167 26
168 38
169 48
170 38
171 28
172 20
173 12
174 20
175 12
176 4
177 10
178 20
179 12
180 18
181 22
182 32
183 42
184 32
185 22
186 16
187 26
188 16
189 26
190 18
191 8
192 18
193 10
194 18
195 28
196 20
197 28
198 40
199 32
200 40
201 32
202 26
203 32
204 24
205 12
206 18
207 28
208 36
209 30
210 36
211 26
212 36
213 26
214 20
215 30
216 18
217 28
218 24
219 32
220 36
221 50
222 36
223 50
224 40
225 50
226 40
227 26
228 20
229 12
230 10
231 6
232 2
233 0
234 -2
235 0
236 2
237 8
238 2
239 2
240 0
241 2
242 -2
243 -2
244 0
245 -2
246 0
247 0
248 2
249 0
250 0
251 -2
252 -2
253 0
254 -4
255 2
256 8
257 14
258 20
259 28
260 36
261 26
262 18
263 28
264 36
265 26
266 22
267 14
268 8
269 14
270 8
271 12
272 20
273 14
274 18
275 10
276 18
277 28
278 36
279 26
280 16
281 10
282 16
283 10
284 14
285 10
286 6
287 10
288 16
289 26
290 34
291 26
292 36
293 26
294 34
295 34
296 34
297 26
298 18
299 26
300 34
301 24
302 32
303 32
304 32
305 32
306 22
307 16
308 26
309 36
310 36
311 24
312 16
313 8
314 2
315 -2
316 -4
317 -2
318 4
319 10
320 20
321 30
322 24
323 30
324 20
325 24
326 20
327 12
328 4
329 2
330 8
331 2
332 -2
333 2
334 8
335 6
336 12
337 16
338 12
339 18
340 8
341 4
342 8
343 4
344 2
345 4
346 8
347 14
348 8
349 2
350 -2
351 4
352 10
353 14
354 6
355 12
356 6
357 12
358 8
359 16
360 26
361 20
362 24
363 32
364 20
365 16
366 8
367 2
368 6
369 -2
370 -2
371 2
372 10
373 16
374 18
375 30
376 30
377 20
378 30
379 26
380 16
381 10
382 4
383 10
384 6
385 4
386 0
387 0
388 2
389 0
390 4
391 8
392 14
393 10
394 2
395 10
396 16
397 8
398 16
399 20
400 16
401 6
402 4
403 0
404 -2
405 0
406 2
407 8
408 2
409 2
410 10
411 4
412 2
413 -4
414 -6
415 -6
416 -2
417 4
418 8
419 16
420 6
421 16
422 24
423 16
424 22
425 14
426 12
427 18
428 10
429 16
430 10
431 6
432 2
433 0
434 0
435 6
436 4
437 6
438 10
439 20
440 20
441 10
442 16
443 16
444 22
445 14
446 14
447 8
448 6
449 10
450 6
451 0
452 6
453 10
454 16
455 22
456 14
457 14
458 14
459 6
460 4
461 8
462 4
463 0
464 0
465 4
466 12
467 8
468 6
469 10
470 18
471 12
472 18
473 10
474 6
475 10
476 4
477 -2
478 -6
479 -2
480 -2
481 0
482 2
483 10
484 6
485 0
486 6
487 12
488 12
489 12
490 12
491 6
492 2
493 6
494 12
495 8
496 18
497 10
498 16
499 16
500 16
501 10
502 14
503 10
504 12
505 6
506 10
507 4
508 12
509 12
510 16
511 16
512 8
513 14
514 8
515 12
516 12
517 6
518 12
519 8
520 16
521 16
522 16
523 16
524 10
525 16
526 16
527 16
528 16
529 16
530 12
531 12
532 4
533 2
534 -2
535 -2
536 2
537 0
538 -2
539 -2
540 6
541 12
542 12
543 12
544 8
545 4
546 0
547 6
548 8
549 14
550 14
551 6
552 14
553 14
554 14
555 14
556 8
557 6
558 10
559 10
560 4
561 8
562 2
563 6
564 14
565 14
566 10
567 6
568 10
569 10
570 12
571 12
572 12
573 6
574 0
575 -2
576 2
577 0
578 2
579 6
580 2
581 6
582 12
583 8
584 12
585 12
586 4
587 10
588 10
589 10
590 2
591 10
592 10
593 10
594 10
595 10
596 10
597 6
598 6
599 2
600 6
601 6
602 2
603 -4
604 -2
605 0
606 4
607 0
608 4
609 0
610 6
611 10
612 6
613 6
614 0
615 4
616 0
617 0
618 0
619 6
620 4
621 2
622 0
623 0
624 2
625 8
626 6
627 10
628 10
629 10
630 4
631 2
632 0
633 4
634 8
635 8
636 8
637 8
638 8
639 8
640 2
641 2
642 6
643 6
644 6
645 6
646 6
647 4
648 4
649 0
650 -4
651 -4
652 -2
653 2
654 -2
655 -4
656 -6
657 -2
658 -6
659 -4
660 2
661 0
662 6
663 4
664 6
665 6
666 2
667 8
668 2
669 4
670 2
671 4
672 4
673 6
674 4
675 6
676 6
677 6
678 6
679 4
680 4
681 4
682 4
683 4
684 4
685 4
686 4
687 0
688 -2
689 2
690 4
691 0
692 0
693 -2
694 -2
695 0
696 -2
697 -4
698 -2
699 -4
700 -2
701 -2
702 0
703 6
704 4
705 2
706 6
707 6
708 6
709 2
710 4
711 4
712 6
713 2
714 -2
715 4
716 2
717 4
718 0
719 4
720 4
721 4
722 4
723 4
724 4
725 -2
726 4
727 4
728 0
729 2
730 2
731 2
732 2
733 2
734 4
735 2
736 4
737 4
738 4
739 4
740 4
741 4
742 0
743 0
744 -2
745 0
746 0
747 2
748 2
749 2
750 2
751 2
752 0
753 2
754 2
755 4
756 2
757 2
758 2
759 2
760 -2
761 -4
762 -2
763 0
764 -2
765 0
766 2
767 2
768 0
769 2
770 2
771 -2
772 -2
773 0
774 -2
775 0
776 0
777 2
778 2
779 2
780 2
781 2
782 0
783 2
784 2
785 -4
786 -2
787 -2
788 -2
789 -2
790 2
791 2
792 2
793 2
794 2
795 0
796 0
797 0
798 0
799 0
800 0
801 0
802 0
803 0
804 -4
805 -2
806 -2
807 -4
808 -2
809 2
810 2
811 2
812 -2
813 -2
814 -2
815 -2
816 -4
817 -4
818 -2
819 0
820 0
821 2
822 2
823 2
824 2
825 2
826 0
827 0
828 0
829 -2
830 -2
831 0
832 -6
833 -2
834 -2
835 -6
836 0
837 0
838 -6
839 -2
840 -6
841 -2
842 -6
843 0
844 0
845 0
846 0
847 0
848 -2
849 -2
850 -2
851 -2
852 0
853 0
854 0
855 0
856 0
857 0
858 0
859 -2
860 -2
861 -2
862 -2
863 -2
864 -2
865 -2
866 0
867 0
868 0
869 -2
870 -2
871 -2
872 -2
873 -2
874 -2
875 -2
876 -4
877 -4
878 -4
879 -2
880 -2
881 -4
882 -4
883 -6
884 -4
885 -2
886 -2
887 -2
888 -2
889 -2
890 -2
891 -2
892 -2
893 -2
894 -2
895 -2
896 -2
897 0
898 0
899 -2
900 -2
901 0
902 0
903 0
904 0
905 0
906 0
907 0
908 0
909 0
910 0
911 0
912 0
913 0
914 0
915 0
916 0
917 0
918 0
919 0
920 0
921 0
922 0
923 0
924 -4
925 -4
926 -4
927 -2
928 -2
929 -2
930 -2
931 -2
932 -2
933 -2
934 -2
935 -2
936 -2
937 -2
938 -2
939 -6
940 -8
