0 34
1 24
2 16
3 16
4 10
5 6
6 4
7 4
8 4
9 4
10 0
11 0
12 0
13 -2
14 -2
15 -2
16 -2
17 -2
18 -2
19 -4
20 -4
21 -4
22 -4
23 -4
24 -4
25 -4
26 -4
27 -4
28 -4
29 -4
30 -4
31 -4
32 -4
33 -4
34 -4
35 -4
36 -4
37 -4
38 -4
39 -4
40 -4
41 -4
42 -4
43 -4
44 -4
45 -4
46 -4
47 -4
48 -4
49 -4
50 -4
51 -6
52 -6
53 -6
54 -6
55 -6
56 -6
57 -6
58 -6
59 -6
60 -6
61 -6
62 -6
63 -6
64 -6
65 -6
66 -6
67 -6
68 -6
69 -6
70 -6
71 -6
72 -6
73 -6
74 -6
75 -6
76 -6
77 -6
78 -6
79 -6
80 -6
81 -6
82 -6
83 -6
84 -6
85 -6
86 -6
87 -6
88 -6
89 -6
90 -6
91 -6
92 -6
93 -6
94 -6
95 -6
96 -6
97 -6
98 -6
99 -6
100 -8
