energy	num_occurrences	sample
-22.000000	0	5703	[0 1 0 0 1 1 0 1 0 1 0 1 1 0 0 1 0 0 1 1 1]
-20.000000	0	177	[0 1 0 0 1 1 0 1 0 1 0 1 1 0 0 1 0 0 1 0 1]
-20.000000	0	687	[0 0 0 0 1 1 0 1 0 1 0 1 1 0 0 1 0 0 1 1 1]
-20.000000	0	77	[0 1 0 0 1 0 0 1 0 1 0 1 1 0 0 1 0 0 1 1 1]
-20.000000	0	230	[0 1 0 0 1 1 0 1 0 1 0 1 1 0 0 1 0 0 1 1 0]
-20.000000	0	215	[0 1 0 0 1 1 0 1 0 1 0 1 1 0 0 0 0 0 1 1 1]
-20.000000	0	301	[0 1 0 0 1 1 0 1 0 1 0 1 0 0 0 1 0 0 1 1 1]
-20.000000	0	42	[0 1 0 0 1 1 0 0 0 1 0 1 1 0 0 1 0 0 1 1 1]
-20.000000	0	135	[0 1 0 0 1 1 0 1 0 1 0 1 1 0 0 1 0 0 0 1 1]
-20.000000	0	80	[0 1 0 0 1 1 0 1 0 0 0 1 1 0 0 1 0 0 1 1 1]
-20.000000	0	450	[0 1 0 0 0 1 0 1 0 1 0 1 1 0 0 1 0 0 1 1 1]
-20.000000	0	197	[0 1 0 0 1 1 0 1 0 1 0 0 1 0 0 1 0 0 1 1 1]
-18.000000	0	4	[0 1 0 0 1 1 0 1 0 1 0 1 1 0 0 1 0 0 0 0 1]
-18.000000	0	7	[0 1 0 0 1 1 0 1 0 1 0 1 0 0 0 1 0 0 0 1 1]
-18.000000	0	3	[0 1 0 0 1 1 0 1 0 1 0 1 1 0 0 0 0 0 0 1 1]
-18.000000	0	3	[0 1 0 0 1 1 0 1 0 1 0 1 1 0 0 0 0 0 1 0 1]
-18.000000	0	4	[0 1 0 0 1 0 0 1 0 1 0 0 1 0 0 1 0 0 1 1 1]
-18.000000	0	3	[0 1 0 0 1 0 0 1 0 1 0 1 1 0 0 1 0 0 1 1 0]
-18.000000	0	22	[0 0 0 0 1 1 0 1 0 1 0 1 1 0 0 1 0 0 1 0 1]
-18.000000	0	85	[0 1 0 0 1 1 0 1 0 1 0 0 1 0 0 1 0 1 0 0 1]
-18.000000	0	9	[0 0 0 0 1 1 0 1 0 0 0 1 1 0 0 1 0 0 1 1 1]
-18.000000	0	2	[0 1 0 0 1 1 0 1 0 0 0 1 1 0 0 1 0 0 1 0 1]
-18.000000	0	3	[0 1 0 0 1 1 0 1 0 0 0 1 1 0 0 1 0 0 0 1 1]
-18.000000	0	5	[0 1 0 0 1 1 0 1 0 0 0 1 0 0 0 1 0 0 1 1 1]
-18.000000	0	145	[0 0 0 1 0 1 0 1 0 1 0 1 1 0 0 1 0 0 1 1 0]
-18.000000	0	8	[0 1 0 0 0 1 0 1 0 1 0 1 1 0 0 1 0 0 0 1 1]
-18.000000	0	5	[0 1 0 0 0 1 0 1 0 0 0 1 1 0 0 1 0 0 1 1 1]
-18.000000	0	2	[0 1 0 0 1 1 0 0 0 1 0 1 1 0 0 1 0 0 0 1 1]
-18.000000	0	2	[0 1 0 0 1 1 0 0 0 1 0 1 0 0 0 1 0 0 1 1 1]
-18.000000	0	1	[0 1 0 0 1 1 0 0 0 1 0 1 1 0 0 1 0 0 1 0 1]
-18.000000	0	1	[0 1 0 0 1 1 0 1 0 0 0 0 1 0 0 1 0 0 1 1 1]
-18.000000	0	20	[0 0 0 0 1 1 0 1 0 1 0 0 1 0 0 1 0 0 1 1 1]
-18.000000	0	52	[0 0 0 0 1 1 0 1 0 1 0 1 0 0 0 1 0 0 1 1 1]
-18.000000	0	110	[0 1 0 0 1 1 0 1 0 1 0 1 1 0 0 0 1 0 1 0 0]
-18.000000	0	16	[0 1 0 0 0 1 0 1 0 1 0 0 1 0 0 1 0 0 1 1 1]
-18.000000	0	4	[0 1 0 0 1 0 0 1 0 1 0 1 0 0 0 1 0 0 1 1 1]
-18.000000	0	3	[0 1 0 0 1 1 0 0 0 1 0 1 1 0 0 0 0 0 1 1 1]
-18.000000	0	2	[0 1 0 0 0 1 0 0 0 1 0 1 1 0 0 1 0 0 1 1 1]
-18.000000	0	58	[0 0 0 0 0 1 0 1 0 1 0 1 1 0 0 1 0 0 1 1 1]
-18.000000	0	4	[0 1 0 0 1 1 0 1 0 1 0 0 1 0 0 1 0 0 0 1 1]
-18.000000	0	17	[0 1 0 0 0 1 0 1 0 1 0 1 1 0 0 1 0 0 1 1 0]
-18.000000	0	3	[0 1 0 0 1 0 0 1 0 1 0 1 1 0 0 1 0 0 1 0 1]
-18.000000	0	10	[0 1 0 0 1 1 0 1 0 1 0 0 1 0 0 0 0 0 1 1 1]
-18.000000	0	23	[0 0 0 0 1 1 0 1 0 1 0 1 1 0 0 1 0 0 1 1 0]
-18.000000	0	22	[0 0 0 0 1 1 0 1 0 1 0 1 1 0 0 0 0 0 1 1 1]
-18.000000	0	2	[0 1 0 0 1 1 0 1 0 1 0 1 1 0 0 1 0 0 0 1 0]
-18.000000	0	9	[0 1 0 0 1 1 0 1 0 1 0 1 0 0 0 1 0 0 1 0 1]
-18.000000	0	4	[0 1 0 0 1 1 0 1 0 0 0 1 1 0 0 1 0 0 1 1 0]
-18.000000	0	2	[0 1 0 0 1 1 0 0 0 1 0 1 1 0 0 1 0 0 1 1 0]
-18.000000	0	5	[0 1 0 0 0 0 0 1 0 1 0 1 1 0 0 1 0 0 1 1 1]
-18.000000	0	11	[0 1 0 0 1 1 0 1 0 1 0 1 0 0 0 0 0 0 1 1 1]
-18.000000	0	54	[0 0 0 0 1 0 1 1 0 1 0 0 1 0 0 1 0 0 1 1 1]
-18.000000	0	19	[0 1 1 0 0 1 0 0 0 0 0 1 1 0 0 1 0 0 1 1 1]
-18.000000	0	7	[0 1 0 0 1 1 0 1 0 1 0 0 1 0 0 1 0 0 1 1 0]
-18.000000	0	16	[0 1 0 0 1 1 0 1 0 1 0 0 0 0 0 1 0 0 1 1 1]
-18.000000	0	3	[0 1 0 0 1 1 0 1 0 1 0 1 1 0 0 1 0 0 1 0 0]
-18.000000	0	7	[0 0 0 0 1 0 0 1 0 1 0 1 1 0 0 1 0 0 1 1 1]
-18.000000	0	4	[0 1 0 0 1 1 0 1 0 0 0 1 1 0 0 0 0 0 1 1 1]
-18.000000	0	7	[0 1 0 0 1 1 0 1 0 1 0 1 1 0 0 0 0 0 1 1 0]
-18.000000	0	4	[0 1 0 0 1 0 0 1 0 1 0 1 1 0 0 0 0 0 1 1 1]
-18.000000	0	14	[0 1 0 0 0 1 0 1 0 1 0 1 1 0 0 1 0 0 1 0 1]
-18.000000	0	66	[0 1 0 0 1 1 0 1 0 0 0 1 0 0 1 0 0 0 1 1 1]
-18.000000	0	23	[0 1 0 0 0 1 0 1 0 1 0 1 1 0 0 0 0 0 1 1 1]
-18.000000	0	26	[0 1 0 0 0 1 0 1 0 1 0 1 0 0 0 1 0 0 1 1 1]
-18.000000	0	9	[0 1 0 0 1 1 0 1 0 1 0 0 1 0 0 1 0 0 1 0 1]
-18.000000	0	3	[0 0 0 0 1 1 0 0 0 1 0 1 1 0 0 1 0 0 1 1 1]
-18.000000	0	2	[0 1 0 0 1 0 0 1 0 1 0 1 1 0 0 1 0 0 0 1 1]
-18.000000	0	16	[0 0 0 0 1 1 0 1 0 1 0 1 1 0 0 1 0 0 0 1 1]
-18.000000	0	17	[0 1 0 0 1 1 0 1 0 1 0 1 0 0 0 1 0 0 1 1 0]
-16.000000	0	8	[0 0 0 0 1 1 0 0 1 1 0 0 1 0 0 1 0 0 1 0 1]
-16.000000	0	6	[0 1 0 0 1 1 0 1 0 1 0 1 0 0 0 0 1 0 1 0 0]
-16.000000	0	4	[0 1 0 0 1 1 0 1 0 1 0 1 1 0 0 0 1 0 0 0 0]
-16.000000	0	1	[0 1 0 0 1 1 0 1 0 1 0 1 1 0 0 1 0 0 0 0 0]
-16.000000	0	9	[1 0 0 0 1 1 0 0 0 0 0 1 0 0 0 1 0 0 1 1 1]
-16.000000	0	10	[0 1 0 0 1 1 0 1 0 1 0 1 1 0 0 1 1 0 1 0 0]
-16.000000	0	5	[0 0 0 0 1 1 0 1 0 1 0 0 1 0 0 1 0 1 0 0 1]
-16.000000	0	1	[0 1 0 0 1 1 0 1 0 1 0 1 0 0 0 1 0 0 0 1 0]
-16.000000	0	6	[0 0 0 0 1 1 0 0 1 1 0 0 1 0 0 1 0 1 0 0 1]
-16.000000	0	6	[1 0 0 0 1 1 0 0 0 0 0 1 0 0 1 0 0 0 1 1 1]
-16.000000	0	4	[0 1 0 0 1 1 0 1 0 1 0 0 1 0 0 0 0 1 0 0 1]
-16.000000	0	7	[0 1 0 0 1 1 0 1 0 1 0 0 0 0 0 1 0 1 0 0 1]
-16.000000	0	1	[1 0 0 0 1 1 0 0 1 0 1 0 0 1 1 0 0 0 1 0 0]
-16.000000	0	1	[0 1 0 0 0 1 0 1 0 1 0 1 0 0 0 1 0 0 0 1 1]
-16.000000	0	1	[0 0 0 0 1 1 0 1 0 1 0 1 1 0 0 1 0 0 0 0 1]
-16.000000	0	1	[0 1 0 0 1 1 0 1 0 1 0 1 0 0 0 0 0 0 1 0 1]
-16.000000	0	1	[0 1 0 0 1 1 0 0 0 1 0 1 0 0 0 1 0 0 0 1 1]
-16.000000	0	7	[0 1 0 0 1 1 0 1 0 1 0 0 1 0 0 1 0 1 0 0 0]
-16.000000	0	1	[0 1 0 0 0 1 0 1 0 1 0 1 1 0 0 1 0 0 0 0 1]
-16.000000	0	13	[0 0 0 0 1 1 0 1 0 1 0 1 1 0 0 0 1 0 1 0 0]
-16.000000	0	1	[0 1 0 0 0 1 0 1 0 1 0 0 0 0 0 1 0 0 1 1 1]
-16.000000	0	1	[0 0 0 0 1 1 0 0 0 1 0 1 1 0 0 1 0 0 1 0 1]
-16.000000	0	2	[0 0 0 0 0 1 0 1 0 1 0 1 0 0 0 1 0 0 1 1 1]
-16.000000	0	10	[0 0 0 0 1 1 0 1 0 0 0 1 0 0 1 0 0 0 1 1 1]
-16.000000	0	2	[0 0 0 0 1 1 0 1 0 1 0 0 0 0 0 1 0 0 1 1 1]
-16.000000	0	1	[0 1 0 0 1 1 0 1 0 1 0 0 1 0 0 1 0 0 1 0 0]
-16.000000	0	1	[0 1 0 0 1 1 0 1 0 0 0 0 1 0 0 0 0 0 1 1 1]
-16.000000	0	4	[0 1 1 0 0 1 0 0 0 0 0 1 0 0 0 1 0 0 1 1 1]
-16.000000	0	1	[0 1 0 0 1 1 0 1 0 0 0 0 0 0 0 1 0 0 1 1 1]
-16.000000	0	1	[0 1 0 0 1 1 0 0 0 1 0 1 1 0 0 0 1 0 1 0 0]
-16.000000	0	6	[0 0 0 1 0 1 0 1 0 1 0 1 1 0 0 0 0 0 1 1 0]
-16.000000	0	7	[0 1 1 0 1 1 0 0 0 0 0 1 1 0 0 1 0 0 1 1 1]
-16.000000	0	5	[0 1 0 0 0 1 0 1 0 0 0 1 0 0 1 0 0 0 1 1 1]
-16.000000	0	2	[0 1 1 0 0 1 0 0 0 0 0 1 1 0 0 1 0 0 1 0 1]
-16.000000	0	1	[0 1 1 0 0 1 0 0 0 0 0 1 1 0 0 0 0 0 1 1 1]
-16.000000	0	10	[0 0 0 0 1 1 0 1 0 1 0 1 0 1 0 1 0 0 1 0 0]
-16.000000	0	1	[0 1 1 0 0 1 0 0 0 1 0 1 1 0 0 1 0 0 1 1 1]
-16.000000	0	18	[0 1 0 0 0 1 0 1 0 1 0 1 1 0 0 0 1 0 1 0 0]
-16.000000	0	2	[0 0 0 1 0 1 0 1 0 1 0 1 1 0 0 1 0 0 0 1 0]
-16.000000	0	1	[0 1 0 0 1 1 0 1 0 0 0 1 0 0 0 1 0 0 1 0 1]
-16.000000	0	1	[0 0 0 0 0 1 0 1 0 1 0 1 1 0 0 1 0 0 0 1 1]
-16.000000	0	1	[0 0 0 0 1 1 1 1 0 1 0 0 1 0 0 1 0 0 1 1 1]
-16.000000	0	1	[0 0 0 1 0 1 0 1 0 0 0 1 1 0 0 1 0 0 1 1 0]
-16.000000	0	1	[0 0 0 0 1 0 1 0 0 1 0 0 1 0 0 1 0 0 1 1 1]
-16.000000	0	2	[0 1 1 0 0 1 0 0 0 0 0 1 1 0 0 1 0 0 0 1 1]
-16.000000	0	4	[0 1 0 0 1 1 0 1 0 0 0 1 0 0 1 1 0 0 1 1 1]
-16.000000	0	1	[0 0 0 0 1 1 0 1 0 1 0 0 1 0 0 1 0 0 1 0 1]
-16.000000	0	7	[0 0 0 1 0 1 0 1 0 1 0 1 1 0 0 1 0 0 1 0 0]
-16.000000	0	2	[0 0 0 0 1 1 0 1 0 1 0 1 0 0 0 0 0 0 1 1 1]
-16.000000	0	1	[0 1 0 0 0 0 0 1 0 1 0 1 1 0 0 1 0 0 1 1 0]
-16.000000	0	4	[0 0 0 0 0 0 1 1 0 1 0 0 1 0 0 1 0 0 1 1 1]
-16.000000	0	2	[0 1 0 0 1 1 0 1 0 1 0 1 0 0 1 0 0 0 1 1 1]
-16.000000	0	1	[0 1 0 0 1 1 0 1 0 0 0 0 1 0 0 1 0 1 0 0 1]
-16.000000	0	1	[0 0 0 0 1 0 1 1 0 1 0 0 1 0 0 1 0 0 1 1 0]
-16.000000	0	2	[0 0 0 0 1 1 0 1 0 1 0 1 0 0 0 1 0 0 1 1 0]
-16.000000	0	4	[0 1 0 0 1 1 0 1 0 0 0 0 0 0 1 0 0 0 1 1 1]
-16.000000	0	1	[0 0 0 0 0 1 0 1 0 1 0 1 1 0 0 1 0 0 1 1 0]
-16.000000	0	9	[0 0 0 0 1 0 1 1 0 0 1 0 1 0 0 1 0 0 1 1 0]
-16.000000	0	14	[0 1 0 0 1 1 0 1 0 1 0 1 1 0 0 0 1 0 1 0 1]
-16.000000	0	4	[0 1 0 0 1 1 0 1 0 0 0 1 0 0 1 0 0 0 1 0 1]
-16.000000	0	20	[0 1 0 0 1 1 0 1 0 1 0 1 1 0 0 0 1 0 1 1 0]
-16.000000	0	5	[0 1 0 0 1 0 1 1 0 1 0 0 1 0 0 1 0 0 1 1 1]
-16.000000	0	31	[0 1 0 1 0 1 0 1 0 1 0 1 1 0 0 1 0 0 1 1 0]
-16.000000	0	2	[0 1 0 0 0 1 0 0 0 1 0 1 1 0 0 1 0 0 1 1 0]
-16.000000	0	2	[0 0 0 0 1 1 0 1 0 0 0 1 1 0 0 1 0 0 1 0 1]
-16.000000	0	11	[0 1 0 0 1 1 0 1 0 0 0 1 1 0 1 0 0 0 1 1 1]
-16.000000	0	1	[0 0 0 0 1 1 0 0 0 1 0 1 1 0 0 1 0 0 0 1 1]
-16.000000	0	1	[0 1 0 0 0 1 0 1 0 1 0 1 0 0 0 1 0 0 1 0 1]
-16.000000	0	10	[0 0 0 1 0 1 0 1 0 1 0 1 0 0 0 1 0 0 1 1 0]
-16.000000	0	1	[0 1 0 0 0 1 0 1 0 1 0 1 0 0 0 0 0 0 1 1 1]
-16.000000	0	1	[0 1 0 0 0 1 0 1 0 1 0 0 1 0 0 1 0 0 0 1 1]
-16.000000	0	3	[0 0 0 0 1 0 1 1 0 1 0 0 1 0 0 0 0 0 1 1 1]
-16.000000	0	1	[0 0 0 0 1 0 1 1 0 0 0 0 1 0 0 1 0 0 1 1 1]
-16.000000	0	1	[0 1 0 0 1 1 0 1 0 0 0 1 1 0 0 0 1 0 1 0 0]
-16.000000	0	1	[0 1 0 0 1 0 0 1 0 1 0 0 1 0 0 1 0 1 0 0 1]
-16.000000	0	1	[0 0 0 0 1 1 0 1 0 1 0 0 1 0 0 1 0 0 1 1 0]
-16.000000	0	1	[0 1 1 0 0 1 0 1 0 0 0 1 1 0 0 1 0 0 1 1 1]
-16.000000	0	1	[0 0 0 0 1 1 0 1 0 1 0 1 0 0 0 1 0 0 1 0 1]
-16.000000	0	1	[0 0 0 0 1 1 0 1 0 0 0 0 1 0 0 1 0 0 1 1 1]
-16.000000	0	13	[0 1 0 0 1 1 0 1 0 1 0 0 1 0 0 1 0 1 0 1 1]
-16.000000	0	4	[0 0 0 0 1 0 1 1 0 1 0 1 1 0 0 1 0 0 1 1 1]
-16.000000	0	6	[0 0 0 1 1 1 0 1 0 1 0 1 1 0 0 1 0 0 1 1 0]
-16.000000	0	1	[0 1 0 0 1 0 0 1 0 0 0 1 0 0 1 0 0 0 1 1 1]
-16.000000	0	2	[0 0 0 0 1 1 0 1 0 1 0 1 1 0 0 0 0 0 1 0 1]
-16.000000	0	13	[0 0 0 1 0 1 0 1 0 1 0 1 1 0 0 1 0 0 1 1 1]
-16.000000	0	2	[0 1 0 0 1 1 0 1 0 0 0 1 0 0 1 0 0 0 0 1 1]
-16.000000	0	1	[0 0 0 1 0 1 0 0 0 1 0 1 1 0 0 1 0 0 1 1 0]
-16.000000	0	1	[0 1 0 0 1 1 0 1 0 1 0 0 1 0 0 0 0 0 1 1 0]
-16.000000	0	8	[0 1 0 0 1 1 0 1 0 1 0 1 1 0 0 1 0 1 0 0 1]
-16.000000	0	1	[0 0 0 0 1 0 0 1 0 0 0 1 1 0 0 1 0 0 1 1 1]
-16.000000	0	5	[0 0 0 0 1 0 1 1 0 1 0 0 1 0 0 1 0 0 1 0 1]
-16.000000	0	1	[0 0 0 0 0 1 0 1 0 1 0 1 1 0 0 1 0 0 1 0 1]
-16.000000	0	5	[0 1 0 0 1 1 0 1 0 1 0 0 1 0 0 0 1 0 1 0 0]
-16.000000	0	5	[0 0 0 0 1 1 0 1 0 0 1 0 1 0 0 1 0 0 1 1 0]
-16.000000	0	6	[0 0 1 0 0 1 0 0 0 0 0 1 1 0 0 1 0 0 1 1 1]
-16.000000	0	4	[0 0 0 0 1 0 1 1 0 1 0 0 0 0 0 1 0 0 1 1 1]
-16.000000	0	9	[0 0 0 1 0 1 0 1 0 1 0 1 0 1 0 1 0 0 1 0 0]
-16.000000	0	2	[0 0 0 0 1 1 0 0 0 1 0 0 1 0 0 1 0 0 1 1 1]
-16.000000	0	5	[0 1 0 0 1 1 0 1 0 0 0 1 0 0 1 0 0 0 1 1 0]
-16.000000	0	1	[0 0 0 0 0 1 0 1 0 1 0 0 1 0 0 1 0 0 1 1 1]
-16.000000	0	7	[0 1 0 0 0 1 0 1 0 1 0 0 1 0 0 1 0 1 0 0 1]
-16.000000	0	5	[0 0 0 1 0 1 0 1 0 1 0 0 1 0 0 1 0 0 1 1 0]
-16.000000	0	2	[0 1 0 0 1 0 0 1 0 1 0 1 1 0 0 0 1 0 1 0 0]
-14.000000	0	1	[1 0 0 0 1 1 0 0 1 0 1 0 0 0 0 1 0 1 0 0 0]
-14.000000	0	1	[1 0 0 0 1 1 0 0 1 0 0 0 0 1 0 1 0 0 1 0 0]
-14.000000	0	1	[0 1 0 0 0 1 0 1 0 1 0 1 0 0 0 0 1 0 1 0 0]
-14.000000	0	1	[0 0 0 0 1 1 0 0 1 1 0 0 0 0 0 1 0 1 0 0 1]
-14.000000	0	4	[1 0 0 0 1 1 0 0 0 0 0 1 1 0 0 1 0 0 1 1 1]
-14.000000	0	1	[1 0 0 1 0 1 0 0 0 0 0 1 0 1 0 1 0 0 1 0 0]
-14.000000	0	2	[0 0 0 0 1 1 0 0 1 0 1 0 1 0 0 1 0 0 1 0 0]
-14.000000	0	1	[1 0 0 0 0 1 0 0 0 0 0 1 0 0 1 0 0 0 1 1 1]
-14.000000	0	2	[1 0 0 0 0 1 0 0 1 0 1 0 0 1 1 0 0 0 1 0 0]
-14.000000	0	1	[0 0 0 0 1 1 0 0 1 1 0 0 1 0 0 1 0 0 1 1 1]
-14.000000	0	1	[1 0 0 0 1 1 0 1 0 0 0 1 0 0 0 1 0 0 1 1 1]
-14.000000	0	2	[1 0 0 0 1 0 1 0 0 0 0 0 0 0 0 1 0 0 1 1 1]
-14.000000	0	1	[1 0 0 0 1 0 1 0 0 0 1 0 0 0 1 0 0 0 1 1 0]
-14.000000	0	6	[0 1 0 0 1 1 0 0 1 1 0 0 1 0 0 1 0 0 1 0 1]
-14.000000	0	1	[1 0 0 0 1 1 0 0 0 0 0 1 0 1 0 1 0 0 1 0 0]
-14.000000	0	1	[1 0 0 1 0 1 0 0 0 0 0 1 0 0 0 1 0 0 1 1 0]
-14.000000	0	1	[1 0 0 0 1 1 0 0 0 0 1 0 0 1 0 1 0 0 1 0 0]
-14.000000	0	1	[1 0 0 0 1 1 0 0 0 0 0 1 0 0 0 0 0 0 1 1 1]
-14.000000	0	2	[1 0 0 0 1 1 0 1 0 0 0 1 0 0 1 0 0 0 1 1 1]
-14.000000	0	2	[0 0 0 0 0 1 0 0 1 1 0 0 1 0 0 1 0 1 0 0 1]
-14.000000	0	1	[0 0 1 0 0 1 0 0 1 0 1 0 1 0 0 1 0 0 1 0 0]
-14.000000	0	1	[0 0 0 0 1 1 0 1 0 1 0 0 1 0 0 0 1 0 1 0 0]
-14.000000	0	2	[0 1 0 0 1 1 0 1 0 1 0 1 0 0 0 0 1 0 0 0 0]
-14.000000	0	16	[1 1 0 0 1 1 0 0 0 0 0 1 0 0 0 1 0 0 1 1 1]
-14.000000	0	1	[0 0 0 0 1 1 0 1 0 1 0 1 0 0 0 0 1 0 1 0 0]
-14.000000	0	2	[0 1 0 0 0 1 0 1 0 1 0 0 1 0 0 1 0 1 0 0 0]
-14.000000	0	1	[0 0 1 0 0 1 0 0 1 0 0 0 1 0 0 1 0 1 0 0 1]
-14.000000	0	1	[0 1 0 0 1 1 0 1 0 1 0 0 0 0 0 1 0 1 1 0 1]
-14.000000	0	2	[0 0 0 0 1 1 0 0 1 1 0 0 1 0 0 1 0 0 0 0 1]
-14.000000	0	1	[0 1 0 0 1 1 0 1 0 1 0 0 1 0 0 1 1 0 1 0 0]
-14.000000	0	1	[0 1 0 0 1 1 0 1 0 1 0 1 1 0 0 1 1 0 1 0 1]
-14.000000	0	2	[0 0 0 0 1 1 0 1 0 0 1 0 1 0 0 1 0 1 0 0 0]
-14.000000	0	1	[0 0 0 0 1 1 0 0 1 0 1 0 1 0 0 1 0 1 0 0 0]
-14.000000	0	1	[0 1 0 0 0 1 0 1 0 1 0 0 0 0 0 1 0 0 0 1 1]
-14.000000	0	1	[0 0 0 0 0 1 0 1 0 1 0 1 1 0 0 0 1 0 1 0 0]
-14.000000	0	1	[0 1 0 0 1 1 0 0 1 1 0 0 1 0 0 1 0 1 0 0 1]
-14.000000	0	1	[1 0 0 0 1 1 0 0 0 0 1 0 0 0 1 0 0 0 1 1 0]
-14.000000	0	1	[0 0 0 0 1 1 0 0 0 1 0 0 1 0 0 1 0 1 0 0 1]
-14.000000	0	1	[1 1 0 0 1 1 0 0 0 0 0 1 0 0 1 0 0 0 1 1 1]
-14.000000	0	1	[0 1 0 0 0 1 0 1 0 1 0 0 1 0 0 0 0 1 0 0 1]
-14.000000	0	2	[1 0 0 0 1 0 1 0 0 0 0 0 0 0 1 0 0 0 1 1 1]
-14.000000	0	1	[0 0 0 0 1 1 0 1 0 0 1 0 1 0 0 1 0 0 0 1 0]
-14.000000	0	1	[0 0 0 0 1 1 0 1 0 1 0 1 1 0 0 1 0 1 0 0 1]
-14.000000	0	1	[0 0 0 0 1 1 0 0 1 1 0 1 1 0 0 1 0 0 1 0 1]
-14.000000	0	2	[0 1 0 0 1 1 0 1 0 1 0 1 1 0 0 1 1 0 1 1 0]
-14.000000	0	2	[0 0 0 0 1 1 0 0 1 1 0 0 1 0 0 0 1 0 1 0 0]
-14.000000	0	3	[1 0 0 0 1 1 0 0 0 0 0 1 0 0 1 1 0 0 1 1 1]
-14.000000	0	2	[0 1 0 0 1 1 0 1 0 1 0 1 0 0 0 1 0 1 0 0 1]
-14.000000	0	3	[0 1 0 0 0 1 0 1 0 1 0 1 1 0 0 1 1 0 1 0 0]
-14.000000	0	1	[0 1 0 0 1 0 0 1 0 0 0 1 0 0 1 0 0 0 0 1 1]
-14.000000	0	1	[0 0 0 0 0 0 1 1 0 1 0 0 1 0 0 1 0 0 1 1 0]
-14.000000	0	1	[0 1 0 1 0 1 0 1 0 1 0 1 1 0 0 0 0 0 1 1 0]
-14.000000	0	1	[0 0 0 0 1 1 0 0 0 0 0 1 0 0 1 0 0 0 1 1 1]
-14.000000	0	2	[0 0 0 0 1 1 0 1 0 0 0 1 0 0 1 0 0 0 1 1 0]
-14.000000	0	1	[0 1 0 0 1 1 0 1 0 1 0 0 0 0 0 1 0 1 0 1 1]
-14.000000	0	1	[0 0 0 1 0 1 0 1 0 1 0 1 1 0 0 0 0 0 1 1 1]
-14.000000	0	1	[0 1 0 0 1 1 0 1 0 0 0 1 1 0 1 1 0 0 1 1 1]
-14.000000	0	1	[0 0 0 0 0 0 1 1 0 1 0 1 1 0 0 1 0 0 1 1 1]
-14.000000	0	3	[0 1 0 0 1 1 0 1 0 1 0 1 0 1 0 1 0 0 1 0 0]
-14.000000	0	3	[0 1 0 1 0 1 0 1 0 1 0 1 1 0 0 1 0 0 0 1 0]
-14.000000	0	1	[0 0 0 0 1 0 0 1 0 1 0 1 0 0 0 0 0 0 1 1 1]
-14.000000	0	1	[0 0 0 0 1 1 0 1 0 0 1 0 1 0 0 1 0 0 1 1 1]
-14.000000	0	1	[0 1 0 0 0 1 0 1 0 0 0 1 1 0 1 0 0 0 1 1 1]
-14.000000	0	1	[0 1 1 0 0 1 0 0 0 1 0 1 0 0 0 1 0 0 1 1 1]
-14.000000	0	1	[0 0 0 0 1 0 1 1 0 0 1 0 1 0 0 1 0 0 1 0 0]
-14.000000	0	1	[0 0 1 0 0 1 0 0 0 0 0 0 1 0 0 1 0 0 1 1 1]
-14.000000	0	1	[0 0 0 1 0 1 0 1 0 1 0 1 0 1 0 1 0 0 0 0 0]
-14.000000	0	1	[0 0 0 0 1 1 0 1 0 0 1 0 0 0 0 1 0 0 1 1 0]
-14.000000	0	1	[0 0 0 0 1 0 1 1 0 1 0 0 0 1 0 1 0 0 1 0 0]
-14.000000	0	2	[0 1 0 0 0 1 0 1 0 1 0 1 1 0 0 1 0 1 0 0 1]
-14.000000	0	1	[0 0 0 0 1 0 1 1 0 0 1 0 1 0 0 1 0 0 1 1 1]
-14.000000	0	2	[0 0 0 0 1 1 0 1 0 1 0 1 1 0 0 0 1 0 1 0 1]
-14.000000	0	1	[0 1 0 0 1 1 0 1 0 0 1 0 1 0 0 1 0 0 1 1 0]
-14.000000	0	1	[0 1 0 0 1 1 0 0 0 1 0 1 1 0 0 0 1 0 1 0 1]
-14.000000	0	1	[0 1 0 0 1 1 0 0 0 1 0 0 1 0 0 0 1 0 1 0 0]
-14.000000	0	5	[0 1 0 0 1 1 0 1 0 1 0 1 1 0 0 1 0 1 0 1 1]
-14.000000	0	1	[0 1 0 1 0 1 0 1 0 1 0 1 1 0 0 1 0 0 1 0 0]
-14.000000	0	1	[0 1 1 0 0 1 0 0 0 0 0 0 0 0 0 1 0 0 1 1 1]
-14.000000	0	1	[0 1 0 0 1 1 0 1 0 1 0 0 1 0 0 0 1 0 1 0 1]
-14.000000	0	1	[0 1 0 0 0 1 0 0 0 1 0 1 1 0 0 0 1 0 1 0 0]
-14.000000	0	2	[0 1 0 0 0 1 0 1 0 1 0 1 1 0 0 0 1 0 1 1 0]
-14.000000	0	1	[0 1 0 0 1 1 0 1 0 1 0 0 1 0 0 0 0 1 0 1 1]
-14.000000	0	1	[0 1 0 1 0 1 0 1 0 1 0 1 0 0 0 1 0 0 1 1 0]
-14.000000	0	3	[0 1 0 1 0 1 0 1 0 1 0 1 1 0 0 1 0 0 1 1 1]
-14.000000	0	2	[0 1 0 0 0 1 0 1 0 1 0 0 1 0 0 1 0 1 0 1 1]
-14.000000	0	1	[0 0 0 1 0 1 0 1 0 1 0 1 1 0 0 1 0 0 1 0 1]
-14.000000	0	4	[0 0 0 1 0 1 0 1 0 1 0 0 1 0 0 1 0 1 0 0 0]
-14.000000	0	3	[0 1 0 0 1 0 1 1 0 1 0 1 1 0 0 1 0 0 1 1 1]
-14.000000	0	1	[0 0 0 0 1 0 1 1 0 0 0 0 0 0 1 0 0 0 1 1 1]
-14.000000	0	1	[0 1 0 0 0 1 0 1 0 0 0 1 0 0 1 0 0 0 1 1 0]
-14.000000	0	1	[0 1 1 0 1 0 0 0 0 0 0 1 1 0 0 1 0 0 1 1 1]
-14.000000	0	5	[0 0 0 1 0 1 0 1 0 0 0 1 0 0 1 0 0 0 1 1 0]
-14.000000	0	1	[0 1 0 0 1 1 0 1 0 1 0 0 1 0 0 0 1 0 1 1 0]
-14.000000	0	1	[0 0 0 0 0 1 0 1 0 0 1 0 1 0 0 1 0 0 1 1 0]
-14.000000	0	1	[0 1 1 0 1 1 0 0 0 0 0 1 1 0 0 1 0 0 1 1 0]
-14.000000	0	1	[0 0 0 1 0 1 0 1 0 0 0 0 1 0 0 1 0 0 1 1 0]
-14.000000	0	2	[0 1 0 1 0 1 0 1 0 1 0 0 1 0 0 1 0 0 1 1 0]
-14.000000	0	1	[0 0 0 0 1 1 0 1 0 1 0 1 1 1 0 1 0 0 1 0 0]
-14.000000	0	1	[0 0 0 0 1 1 0 1 0 1 0 0 0 1 0 1 0 0 1 0 0]
-14.000000	0	1	[0 0 0 1 0 1 0 1 0 1 0 1 0 0 0 1 0 0 1 1 1]
-14.000000	0	1	[0 0 0 0 0 0 1 1 0 0 1 0 1 0 0 1 0 0 1 1 0]
-14.000000	0	4	[0 1 0 0 1 1 0 1 0 1 0 1 1 0 0 0 1 0 1 1 1]
-14.000000	0	2	[0 0 0 0 1 1 0 1 0 0 0 1 0 0 1 1 0 0 1 1 1]
-14.000000	0	1	[0 1 0 1 1 1 0 1 0 1 0 1 1 0 0 1 0 0 1 1 0]
-14.000000	0	1	[0 0 0 1 1 1 0 1 0 1 0 0 1 0 0 1 0 0 1 1 0]
-14.000000	0	1	[0 0 0 0 1 1 0 1 0 0 1 0 0 0 1 0 0 0 1 1 0]
-14.000000	0	1	[0 0 0 1 0 0 0 1 0 1 0 1 0 1 0 1 0 0 1 0 0]
-14.000000	0	3	[0 0 0 0 1 1 0 1 0 1 0 0 1 0 0 1 0 1 0 1 1]
-14.000000	0	1	[0 1 0 0 1 1 0 1 0 0 0 0 0 0 1 0 0 1 0 0 1]
-14.000000	0	1	[0 0 0 0 0 1 0 1 0 1 0 1 0 1 0 1 0 0 1 0 0]
-14.000000	0	1	[0 0 0 1 0 1 0 1 0 1 0 1 0 0 0 1 0 0 1 0 0]
-14.000000	0	1	[0 0 0 1 1 1 0 1 0 1 0 1 0 1 0 1 0 0 1 0 0]
-14.000000	0	1	[0 1 0 0 1 1 0 1 0 0 0 1 0 0 1 1 0 0 1 1 0]
-14.000000	0	2	[0 1 1 0 0 1 0 0 0 0 0 1 1 0 0 0 1 0 1 0 0]
-14.000000	0	3	[0 0 0 0 1 1 0 1 0 1 0 1 1 0 0 0 1 0 1 1 0]
-14.000000	0	1	[1 0 0 1 0 1 0 0 0 0 0 1 0 1 1 0 0 0 1 0 0]
-8.000000	0.047619	3	[0 1 0 0 1 1 0 1 0 1 1 1 1 0 0 1 0 0 1 1 1]
-22.000000	0.047619	1	[0 1 0 0 1 1 0 1 0 1 0 1 1 0 0 1 0 0 1 1 1]
-12.000000	0	1	[1 0 0 0 1 1 0 0 1 0 0 0 0 0 0 0 1 0 1 0 0]
-12.000000	0	1	[1 0 0 0 1 1 0 0 0 0 0 1 0 0 0 0 1 0 1 0 0]
-12.000000	0	1	[0 1 0 0 1 1 0 1 0 1 0 1 1 0 0 1 1 0 1 1 1]
-12.000000	0	1	[0 1 0 0 1 1 0 1 0 1 0 1 0 0 0 1 1 0 1 1 0]
-12.000000	0	1	[0 0 0 0 1 1 0 0 1 1 0 0 1 0 0 1 1 0 1 0 0]
-12.000000	0	1	[0 0 0 0 1 1 0 1 0 1 0 1 1 0 0 1 1 0 1 0 1]
-12.000000	0	1	[0 0 0 0 1 1 0 0 1 0 0 0 1 0 0 0 1 0 1 0 0]
-12.000000	0	1	[1 0 0 0 0 1 0 0 0 0 0 1 0 1 0 1 0 0 1 0 0]
-12.000000	0	1	[0 0 0 0 1 1 0 0 1 1 0 0 0 0 0 1 0 0 1 1 1]
-12.000000	0	1	[0 0 0 0 1 1 0 0 1 0 1 0 0 0 1 0 0 1 0 0 0]
-12.000000	0	5	[1 1 0 0 1 1 0 0 0 0 0 1 1 0 0 1 0 0 1 1 1]
-12.000000	0	1	[1 1 0 0 1 1 0 0 0 0 0 1 0 0 0 1 0 0 1 1 0]
-12.000000	0	1	[1 1 0 0 1 1 0 0 0 0 0 1 0 0 1 0 0 0 1 1 0]
-12.000000	0	1	[0 1 0 0 1 1 0 0 1 1 0 1 1 0 0 1 0 0 1 0 1]
-12.000000	0	3	[0 1 0 0 1 1 0 0 1 1 0 0 1 0 0 1 0 0 1 1 1]
-12.000000	0	1	[1 0 0 1 0 1 0 0 0 0 0 1 0 1 1 0 0 0 1 1 0]
-12.000000	0	1	[1 1 0 0 1 1 0 0 0 0 0 0 0 0 0 1 0 0 1 1 1]
-12.000000	0	1	[1 0 0 0 1 0 1 0 0 0 0 0 0 0 1 0 0 0 1 0 1]
-12.000000	0	1	[0 0 0 0 1 1 0 0 1 1 0 0 1 0 0 1 0 0 1 1 0]
-12.000000	0	1	[0 0 0 0 0 1 0 1 0 1 0 1 0 1 0 0 0 0 1 0 0]
-12.000000	0	2	[0 0 0 0 1 1 0 1 0 0 1 1 1 0 0 1 0 0 1 1 1]
-12.000000	0	1	[0 0 0 0 1 0 1 1 0 0 0 1 1 0 0 1 0 0 1 1 0]
-12.000000	0	1	[1 0 0 1 1 1 0 0 0 0 0 1 0 1 1 0 0 0 1 0 0]
-12.000000	0	1	[0 1 0 0 1 0 0 1 0 1 0 0 1 0 0 0 1 0 1 1 0]
-12.000000	0	2	[0 1 0 0 1 1 0 1 0 1 0 1 0 1 0 1 0 0 1 0 1]
-12.000000	0	1	[0 1 0 0 1 1 0 1 0 0 1 0 0 0 1 0 0 0 1 1 0]
-12.000000	0	1	[0 0 0 0 0 1 0 1 0 1 0 0 0 0 0 1 0 0 1 1 0]
-12.000000	0	1	[0 1 0 0 1 1 0 0 0 1 0 1 0 1 0 1 0 0 1 0 0]
-12.000000	0	1	[0 1 0 0 1 1 0 1 0 1 0 1 1 1 0 1 0 0 1 0 0]
-12.000000	0	2	[0 1 0 1 0 1 0 1 0 0 0 1 0 0 1 0 0 0 1 1 0]
-12.000000	0	1	[0 0 0 0 1 1 0 1 0 0 1 0 0 0 1 0 0 0 1 1 1]
-12.000000	0	1	[0 0 0 0 1 1 0 1 0 0 0 1 1 0 1 1 0 0 1 1 1]
-12.000000	0	1	[0 0 0 1 0 1 0 1 0 0 0 1 0 1 1 1 0 0 1 0 0]
-12.000000	0	1	[0 1 0 1 0 1 0 1 0 1 0 0 1 0 0 1 0 1 0 0 0]
-12.000000	0	1	[0 0 1 0 0 0 1 0 0 0 0 1 1 0 0 1 0 0 1 1 1]
-12.000000	0	1	[0 1 0 0 0 0 0 1 0 1 0 0 1 0 0 1 0 1 0 1 1]
-12.000000	0	1	[0 1 1 0 0 0 1 0 0 0 0 0 1 0 0 1 0 0 1 1 1]
-12.000000	0	1	[0 1 1 0 1 1 0 0 0 1 0 1 1 0 0 1 0 0 1 1 0]
-12.000000	0	1	[0 0 0 0 1 1 1 1 0 0 1 0 0 1 0 1 0 0 1 0 0]
-22.000000	0.047619	1	[0 1 0 0 1 1 0 1 0 1 0 1 1 0 0 1 0 0 1 1 1]
-6.000000	0.047619	1	[0 1 0 0 0 1 0 1 0 1 1 1 1 0 0 1 0 0 1 1 1]
-22.000000	0.047619	1	[0 1 0 0 1 1 0 1 0 1 0 1 1 0 0 1 0 0 1 1 1]
-14.000000	0.047619	1	[0 1 0 0 1 1 0 1 0 1 0 1 1 0 0 1 0 1 0 1 1]
-20.000000	0.047619	1	[0 1 0 0 1 1 0 1 0 1 0 1 1 0 0 1 0 0 0 1 1]
-20.000000	0.047619	1	[0 1 0 0 1 1 0 1 0 1 0 1 1 0 0 1 0 0 0 1 1]
-10.000000	0	1	[1 0 0 1 0 1 0 0 1 0 0 0 0 1 0 1 0 0 1 0 0]
-10.000000	0	1	[1 0 1 0 0 1 0 0 1 0 0 0 0 0 0 1 0 0 1 0 1]
-10.000000	0	1	[0 0 0 0 0 1 0 1 1 1 0 1 1 0 0 1 0 0 1 0 1]
-10.000000	0	1	[1 1 0 0 1 1 0 0 0 0 0 1 1 0 0 1 0 0 1 1 0]
-10.000000	0	1	[0 0 1 0 1 1 0 0 1 0 1 0 0 0 0 1 0 1 0 0 0]
-10.000000	0	1	[1 1 0 0 1 1 0 1 0 0 0 1 1 0 0 1 0 0 1 1 1]
-10.000000	0	1	[0 0 0 1 0 1 0 0 1 1 0 0 0 1 0 1 0 0 1 0 0]
-10.000000	0	2	[0 1 0 0 1 1 0 0 1 1 0 1 1 0 0 1 0 0 1 1 1]
-10.000000	0	1	[0 1 0 0 1 1 0 0 1 1 0 1 1 0 0 1 0 0 1 0 0]
-10.000000	0	1	[0 1 0 0 1 1 0 0 1 0 0 0 0 0 1 0 0 0 1 0 1]
-10.000000	0	1	[1 0 0 1 1 1 0 0 0 0 0 0 0 1 1 0 0 0 1 0 0]
-10.000000	0	1	[0 0 0 1 0 1 0 1 0 0 1 1 1 0 0 1 0 0 1 1 0]
-10.000000	0	1	[0 1 0 1 0 1 0 1 0 0 0 1 1 0 1 0 0 0 1 1 0]
-10.000000	0	1	[0 0 0 0 1 1 0 1 0 0 0 1 0 0 1 0 0 1 0 0 1]
-10.000000	0	1	[0 0 0 0 1 1 0 0 1 1 0 0 0 1 0 0 1 0 1 0 0]
-10.000000	0	1	[0 1 0 0 1 1 0 1 0 0 1 0 1 0 0 1 0 1 0 1 0]
-10.000000	0	1	[0 0 0 0 0 1 0 1 0 1 0 1 1 0 0 1 0 1 0 1 1]
-10.000000	0	1	[0 1 0 0 1 1 0 1 0 0 0 1 0 1 1 0 0 0 1 0 1]
-16.000000	0.047619	1	[0 1 0 0 1 1 0 1 0 1 0 1 1 0 0 1 1 0 1 0 0]
-22.000000	0.047619	1	[0 1 0 0 1 1 0 1 0 1 0 1 1 0 0 1 0 0 1 1 1]
-22.000000	0.047619	1	[0 1 0 0 1 1 0 1 0 1 0 1 1 0 0 1 0 0 1 1 1]
-8.000000	0	1	[1 1 0 0 0 1 0 0 0 0 0 0 0 0 0 1 0 1 0 0 1]
-8.000000	0	1	[1 0 0 1 0 1 0 0 0 0 1 1 0 0 0 1 0 0 1 1 0]
-8.000000	0	1	[1 1 0 0 0 1 0 1 0 0 0 1 1 0 0 1 0 0 1 1 1]
-8.000000	0	1	[0 1 0 1 1 1 0 1 0 1 0 1 1 0 0 0 1 0 1 0 0]
-8.000000	0	1	[0 1 0 1 0 1 0 1 0 1 0 1 1 1 0 1 0 0 1 0 0]
-8.000000	0	1	[0 1 0 0 1 0 1 1 0 0 0 1 0 0 1 1 0 0 1 1 1]
-18.000000	0.047619	1	[0 1 1 0 0 1 0 0 0 0 0 1 1 0 0 1 0 0 1 1 1]
-18.000000	0.047619	1	[0 1 0 0 1 1 0 1 0 1 0 1 1 0 0 0 0 0 1 1 0]
-18.000000	0.047619	1	[0 1 0 0 1 1 0 1 0 0 0 1 1 0 0 1 0 0 1 0 1]
-2.000000	0.047619	1	[0 1 0 1 0 1 0 1 0 1 1 1 1 0 0 1 0 0 1 1 0]
-22.000000	0.0952381	1	[0 1 0 0 1 1 0 1 0 1 0 1 1 0 0 1 0 0 1 1 1]
