energy	num_occurrences	sample
-10.000000	22	[0 0 1 0 0 1 0 0 0 0 0 0 0 1 0 0 1 0 0 0 0 0 0 0 1]
-10.000000	3	[0 0 1 0 0 0 0 0 0 1 0 1 0 0 0 0 0 0 1 0 1 0 0 0 0]
-10.000000	5	[1 0 0 0 0 0 0 0 1 0 0 1 0 0 0 0 0 0 0 1 0 0 1 0 0]
-10.000000	381	[0 0 0 1 0 0 1 0 0 0 0 0 0 0 1 0 0 1 0 0 1 0 0 0 0]
-10.000000	1	[0 1 0 0 0 0 0 0 1 0 1 0 0 0 0 0 0 1 0 0 0 0 0 0 1]
-10.000000	7	[1 0 0 0 0 0 0 1 0 0 0 0 0 0 1 0 1 0 0 0 0 0 0 1 0]
-10.000000	15	[0 0 0 0 1 0 0 1 0 0 1 0 0 0 0 0 0 0 1 0 0 1 0 0 0]
-8.000000	1	[0 0 0 1 0 1 0 0 0 0 0 0 1 0 0 0 0 0 0 1 0 1 1 0 0]
-4.000000	403	[0 0 1 0 0 1 0 0 0 0 0 0 1 1 0 0 1 0 0 0 0 0 0 0 1]
-4.000000	16	[0 0 1 0 0 1 0 0 0 0 1 0 0 1 0 0 1 0 0 0 0 0 0 0 1]
-8.000000	8	[0 0 1 1 0 1 0 0 0 0 0 0 0 1 0 0 1 0 0 0 0 0 0 0 1]
-4.000000	30	[0 0 1 0 0 1 0 0 1 0 0 0 0 1 0 0 1 0 0 0 0 0 0 0 1]
-8.000000	1	[1 0 0 0 0 0 0 1 0 1 0 0 0 0 1 0 1 0 0 0 0 0 0 1 0]
-6.000000	2	[0 0 1 0 0 1 0 0 0 0 0 1 0 1 0 0 1 0 0 0 0 0 0 0 1]
-6.000000	103	[0 0 0 1 0 0 1 0 0 0 0 0 0 0 1 0 0 1 0 0 1 0 0 0 1]
4.000000	157	[0 0 1 0 0 1 0 0 0 0 1 0 1 1 0 0 1 0 0 0 0 0 0 0 1]
-6.000000	27	[0 0 0 1 0 0 1 0 0 0 0 0 0 0 1 0 0 1 0 0 1 0 1 0 0]
-4.000000	5	[0 0 1 0 0 1 0 0 1 0 0 0 0 1 0 0 1 0 0 0 0 0 0 0 1]
-6.000000	9	[0 0 0 1 0 0 1 0 0 0 0 0 0 0 1 0 0 1 0 0 1 1 0 0 0]
-4.000000	15	[0 0 0 1 0 0 1 0 0 1 0 0 0 0 1 0 0 1 0 0 1 0 0 0 0]
-4.000000	169	[0 0 0 1 0 0 1 0 1 0 0 0 0 0 1 0 0 1 0 0 1 0 0 0 0]
-4.000000	62	[0 0 0 1 0 0 1 0 0 0 0 0 0 0 1 0 0 1 1 0 1 0 0 0 0]
-6.000000	26	[0 0 0 1 0 0 1 0 0 0 0 0 0 0 1 0 0 1 0 0 1 0 0 0 1]
-6.000000	48	[0 0 0 1 0 0 1 0 0 0 0 0 0 0 1 0 0 1 0 0 1 0 0 1 0]
-6.000000	15	[0 0 0 1 0 0 1 0 0 0 0 0 0 0 1 1 0 1 0 0 1 0 0 0 0]
-8.000000	2	[0 0 0 0 1 1 0 1 0 0 1 0 0 0 0 0 0 0 1 0 0 1 0 0 0]
-2.000000	151	[0 0 1 1 0 1 0 0 0 0 0 0 1 1 0 0 1 0 0 0 0 0 0 0 1]
4.000000	409	[0 0 1 0 0 1 0 0 1 0 0 0 1 1 0 0 1 0 0 0 0 0 0 0 1]
-2.000000	8	[0 0 1 1 0 1 0 0 0 0 1 0 0 1 0 0 1 0 0 0 0 0 0 0 1]
2.000000	26	[0 0 1 0 0 1 0 0 1 0 1 0 0 1 0 0 1 0 0 0 0 0 0 0 1]
-6.000000	8	[1 0 0 1 0 0 1 0 0 0 0 0 0 0 1 0 0 1 0 0 1 0 0 0 0]
-6.000000	6	[0 0 0 1 0 0 1 0 0 0 0 0 0 0 1 0 0 1 0 0 1 0 1 0 0]
2.000000	9	[0 0 1 0 0 1 0 1 0 0 0 0 1 1 0 0 1 0 0 0 0 0 0 0 1]
2.000000	8	[0 0 1 0 0 1 0 0 0 0 0 1 1 1 0 0 1 0 0 0 0 0 0 0 1]
-4.000000	6	[0 0 1 0 0 1 0 0 0 0 0 0 1 1 0 0 1 0 0 0 0 0 0 0 1]
4.000000	5	[0 0 1 0 0 1 0 0 0 0 0 0 1 1 0 0 1 1 0 0 0 0 0 0 1]
4.000000	7	[0 0 1 0 0 1 0 0 0 0 1 0 1 1 0 0 1 0 0 0 0 0 0 0 1]
-6.000000	2	[0 0 0 1 0 0 1 0 0 0 0 0 0 0 1 0 0 1 0 0 1 0 0 0 1]
-4.000000	18	[0 0 0 1 0 0 1 0 1 0 0 0 0 0 1 0 0 1 0 0 1 0 0 0 0]
-4.000000	8	[0 0 0 1 0 0 1 0 0 0 0 0 1 0 1 0 0 1 0 0 1 0 0 0 0]
-4.000000	2	[0 0 0 1 0 0 1 0 0 1 0 0 0 0 1 0 0 1 0 0 1 0 0 0 0]
-4.000000	6	[0 0 0 1 0 0 1 0 0 0 0 0 0 0 1 0 0 1 1 0 1 0 0 0 0]
-6.000000	2	[0 0 0 1 0 0 1 0 0 0 0 0 0 0 1 0 0 1 0 0 1 1 0 0 0]
0.000000	3	[0 0 1 0 0 1 0 0 1 0 0 1 0 1 0 0 1 0 0 0 0 0 0 0 1]
-2.000000	14	[0 0 1 1 0 1 0 0 0 0 0 0 1 1 0 0 1 0 0 0 0 0 0 0 1]
4.000000	56	[0 0 1 0 0 1 0 0 1 0 0 0 1 1 0 0 1 0 0 0 0 0 0 0 1]
2.000000	6	[0 0 1 0 0 1 0 0 1 0 1 0 0 1 0 0 1 0 0 0 0 0 0 0 1]
-10.000000	40	[0 0 0 1 0 0 1 0 0 0 0 0 0 0 1 0 0 1 0 0 1 0 0 0 0]
6.000000	71	[0 0 1 1 0 1 0 0 0 0 1 0 1 1 0 0 1 0 0 0 0 0 0 0 1]
-2.000000	1	[0 0 1 1 0 1 0 0 0 0 1 0 0 1 0 0 1 0 0 0 0 0 0 0 1]
12.000000	156	[0 0 1 0 0 1 0 0 1 0 1 0 1 1 0 0 1 0 0 0 0 0 0 0 1]
2.000000	1	[0 0 1 0 0 1 0 0 1 0 0 0 0 1 0 0 1 1 0 0 0 0 0 0 1]
2.000000	2	[0 0 1 0 0 1 0 0 1 0 1 0 0 1 0 0 1 0 0 0 0 0 0 0 1]
-10.000000	1	[0 0 0 1 0 0 1 0 0 0 0 0 0 0 1 0 0 1 0 0 1 0 0 0 0]
-10.000000	2	[0 0 0 1 0 0 1 0 0 0 0 0 0 0 1 0 0 1 0 0 1 0 0 0 0]
-10.000000	2	[0 0 0 1 0 0 1 0 0 0 0 0 0 0 1 0 0 1 0 0 1 0 0 0 0]
-10.000000	1	[0 0 0 1 0 0 1 0 0 0 0 0 0 0 1 0 0 1 0 0 1 0 0 0 0]
-10.000000	1	[0 0 0 1 0 0 1 0 0 0 0 0 0 0 1 0 0 1 0 0 1 0 0 0 0]
10.000000	5	[0 0 1 0 0 1 0 1 0 0 1 0 1 1 0 0 1 0 0 0 0 0 0 0 1]
-10.000000	1	[0 0 1 0 0 1 0 0 0 0 0 0 0 1 0 0 1 0 0 0 0 0 0 0 1]
-10.000000	3	[0 0 0 1 0 0 1 0 0 0 0 0 0 0 1 0 0 1 0 0 1 0 0 0 0]
-10.000000	1	[0 0 0 1 0 0 1 0 0 0 0 0 0 0 1 0 0 1 0 0 1 0 0 0 0]
4.000000	11	[0 0 1 0 0 1 0 0 1 0 0 0 1 1 0 0 1 0 0 0 0 0 0 0 1]
4.000000	1	[0 0 1 0 0 1 0 0 0 0 0 0 1 1 0 0 1 1 0 0 0 0 0 0 1]
4.000000	1	[0 0 1 0 0 1 0 0 0 0 1 0 1 1 0 0 1 0 0 0 0 0 0 0 1]
4.000000	6	[0 0 1 0 0 1 0 0 0 0 1 0 1 1 0 0 1 0 0 0 0 0 0 0 1]
2.000000	2	[0 0 1 0 0 1 0 0 1 0 1 0 0 1 0 0 1 0 0 0 0 0 0 0 1]
12.000000	3	[0 0 1 0 0 1 0 0 0 0 1 0 1 1 0 0 1 1 0 0 0 0 0 0 1]
-10.000000	4	[0 0 0 1 0 0 1 0 0 0 0 0 0 0 1 0 0 1 0 0 1 0 0 0 0]
0.000000	64	[0 0 0 1 0 0 1 0 1 0 0 0 0 0 1 0 0 1 0 0 1 0 0 0 1]
0.000000	17	[0 0 0 1 0 0 1 0 0 0 0 0 0 0 1 0 0 1 0 0 1 0 0 1 1]
-2.000000	6	[0 0 0 1 0 0 1 0 0 0 0 0 0 0 1 1 0 1 0 0 1 0 0 0 1]
10.000000	11	[0 0 1 0 0 1 0 0 1 0 0 1 1 1 0 0 1 0 0 0 0 0 0 0 1]
6.000000	2	[0 0 1 1 0 1 0 0 0 0 1 0 1 1 0 0 1 0 0 0 0 0 0 0 1]
12.000000	29	[0 0 1 0 0 1 0 0 1 0 1 0 1 1 0 0 1 0 0 0 0 0 0 0 1]
0.000000	9	[0 0 0 1 0 0 1 0 1 0 0 0 0 0 1 0 0 1 0 0 1 0 1 0 0]
-10.000000	1	[0 0 0 1 0 0 1 0 0 0 0 0 0 0 1 0 0 1 0 0 1 0 0 0 0]
-10.000000	1	[0 0 0 1 0 0 1 0 0 0 0 0 0 0 1 0 0 1 0 0 1 0 0 0 0]
-10.000000	1	[0 0 0 1 0 0 1 0 0 0 0 0 0 0 1 0 0 1 0 0 1 0 0 0 0]
0.000000	5	[0 0 0 1 0 0 1 0 0 0 0 0 0 0 1 0 0 1 0 0 1 0 1 1 0]
-2.000000	1	[0 0 0 1 0 0 1 0 0 0 0 0 0 0 1 1 0 1 0 0 1 0 1 0 0]
-4.000000	13	[0 0 1 0 0 1 0 0 0 0 0 0 1 1 0 0 1 0 0 0 0 0 0 0 1]
-4.000000	2	[0 0 1 0 0 1 0 0 0 0 0 0 1 1 0 0 1 0 0 0 0 0 0 0 1]
-2.000000	3	[0 0 1 1 0 1 0 0 0 0 0 0 1 1 0 0 1 0 0 0 0 0 0 0 1]
6.000000	4	[0 0 1 1 0 1 0 0 0 0 0 0 1 1 0 0 1 1 0 0 0 0 0 0 1]
6.000000	5	[0 0 1 1 0 1 0 0 0 0 1 0 1 1 0 0 1 0 0 0 0 0 0 0 1]
4.000000	6	[0 0 1 0 0 1 0 0 1 0 0 0 1 1 0 0 1 0 0 0 0 0 0 0 1]
12.000000	7	[0 0 1 0 0 1 0 0 1 0 0 0 1 1 0 0 1 1 0 0 0 0 0 0 1]
12.000000	15	[0 0 1 0 0 1 0 0 1 0 1 0 1 1 0 0 1 0 0 0 0 0 0 0 1]
-10.000000	1	[0 0 0 1 0 0 1 0 0 0 0 0 0 0 1 0 0 1 0 0 1 0 0 0 0]
0.000000	2	[0 0 0 1 0 0 1 0 1 0 0 0 0 0 1 0 0 1 0 0 1 1 0 0 0]
2.000000	1	[0 0 0 1 0 0 1 0 0 1 0 0 0 0 1 0 0 1 1 0 1 0 0 0 0]
0.000000	2	[0 0 0 1 0 0 1 0 0 0 0 0 0 0 1 0 0 1 1 0 1 1 0 0 0]
-4.000000	1	[0 0 1 0 0 1 0 0 0 0 0 0 1 1 0 0 1 0 0 0 0 0 0 0 1]
0.000000	2	[0 0 0 1 0 0 1 0 0 1 0 0 0 0 1 0 0 1 0 0 1 0 0 1 0]
0.000000	8	[0 0 0 1 0 0 1 0 1 0 0 0 0 0 1 0 0 1 0 0 1 0 0 0 1]
0.000000	8	[0 0 0 1 0 0 1 0 1 0 0 0 0 0 1 1 0 1 0 0 1 0 0 0 0]
2.000000	28	[0 0 0 1 0 0 1 0 1 0 0 0 0 0 1 0 0 1 0 0 1 0 0 1 0]
2.000000	12	[0 0 0 1 0 0 1 0 0 0 0 0 0 0 1 0 0 1 1 0 1 0 0 1 0]
2.000000	1	[0 0 0 1 0 0 1 0 0 0 0 0 0 0 1 1 0 1 1 0 1 0 0 0 0]
12.000000	1	[0 0 1 0 0 1 0 0 0 0 1 1 1 1 0 0 1 0 0 0 0 0 0 0 1]
-8.000000	1	[0 0 0 1 0 0 1 0 0 0 0 0 0 0 1 0 0 1 0 1 1 0 0 0 0]
-4.000000	1	[0 0 1 0 0 1 0 0 0 0 0 0 1 1 0 0 1 0 0 0 0 0 0 0 1]
-4.000000	4	[0 0 1 0 0 1 0 0 0 0 0 0 1 1 0 0 1 0 0 0 0 0 0 0 1]
-10.000000	1	[0 0 1 0 0 1 0 0 0 0 0 0 0 1 0 0 1 0 0 0 0 0 0 0 1]
0.000000	2	[0 0 0 1 0 0 1 0 0 0 0 0 0 0 1 0 0 1 0 0 1 0 0 1 1]
0.000000	4	[0 0 0 1 0 0 1 0 1 0 0 0 0 0 1 0 0 1 0 0 1 0 0 0 1]
-2.000000	2	[0 0 0 1 0 0 1 0 0 0 0 0 0 0 1 1 0 1 0 0 1 0 0 1 0]
0.000000	3	[1 0 0 1 0 0 1 0 1 0 0 0 0 0 1 0 0 1 0 0 1 0 0 0 0]
6.000000	6	[0 0 1 0 0 1 0 0 1 0 0 0 1 1 0 1 1 0 0 0 0 0 0 0 1]
0.000000	1	[0 0 0 1 0 0 1 0 1 0 0 0 0 0 1 0 0 1 0 0 1 0 1 0 0]
10.000000	1	[0 0 1 0 0 1 0 0 1 0 0 1 1 1 0 0 1 0 0 0 0 0 0 0 1]
0.000000	1	[1 0 0 1 0 0 1 0 0 0 0 0 0 0 1 1 0 1 0 0 1 0 0 0 0]
12.000000	3	[0 0 1 0 0 1 0 0 1 0 1 0 1 1 0 0 1 0 0 0 0 0 0 0 1]
4.000000	1	[0 0 1 0 0 1 0 0 0 0 1 0 1 1 0 0 1 0 0 0 0 0 0 0 1]
12.000000	1	[0 0 1 0 0 1 0 0 0 0 1 0 1 1 0 0 1 1 0 0 0 0 0 0 1]
0.000000	3	[0 0 0 1 0 0 1 0 1 0 0 0 0 0 1 0 0 1 0 0 1 0 1 0 0]
-10.000000	1	[0 0 0 1 0 0 1 0 0 0 0 0 0 0 1 0 0 1 0 0 1 0 0 0 0]
8.000000	1	[0 0 1 0 0 1 0 0 1 0 1 1 0 1 0 0 1 0 0 0 0 0 0 0 1]
-6.000000	11	[0 0 0 1 0 0 1 0 0 0 0 0 0 0 1 0 0 1 0 0 1 0 0 0 1]
4.000000	1	[0 0 1 0 0 1 0 0 1 0 0 0 1 1 0 0 1 0 0 0 0 0 0 0 1]
12.000000	1	[0 0 1 0 0 1 0 0 1 0 0 0 1 1 0 0 1 1 0 0 0 0 0 0 1]
-4.000000	1	[0 0 1 0 0 1 0 0 1 0 0 0 0 1 0 0 1 0 0 0 0 0 0 0 1]
0.000000	1	[0 0 0 1 0 0 1 0 1 0 0 0 0 0 1 0 0 1 0 0 1 0 0 0 1]
4.000000	7	[0 0 0 1 0 0 1 0 1 1 0 0 0 0 1 0 0 1 0 0 1 0 0 0 0]
2.000000	1	[0 0 0 1 0 0 1 0 0 1 0 0 0 0 1 0 0 1 1 0 1 0 0 0 0]
-4.000000	2	[0 0 1 0 0 1 0 0 0 0 0 0 1 1 0 0 1 0 0 0 0 0 0 0 1]
-4.000000	2	[0 0 1 0 0 1 0 0 0 0 0 0 1 1 0 0 1 0 0 0 0 0 0 0 1]
-4.000000	1	[0 0 1 0 0 1 0 0 0 0 0 0 1 1 0 0 1 0 0 0 0 0 0 0 1]
2.000000	3	[0 0 1 0 0 1 0 0 0 0 0 0 1 1 0 0 1 0 0 0 0 0 1 0 1]
-6.000000	4	[0 0 0 1 0 0 1 0 0 0 0 0 0 0 1 0 0 1 0 0 1 0 0 0 1]
-6.000000	2	[0 0 0 1 0 0 1 0 0 0 0 0 0 0 1 0 0 1 0 0 1 0 0 0 1]
2.000000	3	[0 0 0 1 0 0 1 0 1 0 0 0 0 0 1 0 0 1 0 0 1 0 0 1 0]
0.000000	1	[0 0 0 1 0 0 1 0 1 0 0 0 0 0 1 0 0 1 0 0 1 0 0 0 1]
0.000000	2	[0 0 0 1 0 0 1 0 1 0 0 0 0 0 1 1 0 1 0 0 1 0 0 0 0]
0.000000	1	[0 0 0 1 0 0 1 0 0 1 0 0 0 0 1 1 0 1 0 0 1 0 0 0 0]
2.000000	3	[0 0 0 1 0 0 1 0 0 0 0 0 0 0 1 0 0 1 1 0 1 0 0 1 0]
-6.000000	1	[0 0 0 1 0 0 1 0 0 0 0 0 0 0 1 0 0 1 0 0 1 0 1 0 0]
8.000000	8	[0 0 1 1 0 1 0 0 1 0 0 0 1 1 0 0 1 0 0 0 0 0 0 0 1]
6.000000	2	[0 0 1 1 0 1 0 0 0 0 1 0 1 1 0 0 1 0 0 0 0 0 0 0 1]
12.000000	2	[0 0 1 0 0 1 0 0 1 0 1 0 1 1 0 0 1 0 0 0 0 0 0 0 1]
12.000000	5	[0 0 1 0 0 1 0 0 1 0 1 0 1 1 0 0 1 0 0 0 0 0 0 0 1]
20.000000	4	[0 0 1 0 0 1 0 0 1 0 1 0 1 1 0 0 1 1 0 0 0 0 0 0 1]
-6.000000	1	[0 0 0 1 0 0 1 0 0 0 0 0 0 0 1 0 0 1 0 0 1 0 0 0 1]
-4.000000	1	[0 0 0 1 0 0 1 0 0 0 0 1 0 0 1 0 0 1 0 0 1 0 0 0 0]
0.000000	1	[1 0 0 1 0 0 1 0 1 0 0 0 0 0 1 0 0 1 0 0 1 0 0 0 0]
-6.000000	1	[0 0 0 1 0 0 1 0 0 0 0 0 0 0 1 0 0 1 0 0 1 0 1 0 0]
0.000000	1	[0 0 0 1 0 0 1 0 1 0 0 0 0 0 1 0 0 1 0 0 1 0 1 0 0]
-4.000000	18	[0 0 0 1 0 0 1 0 1 0 0 0 0 0 1 0 0 1 0 0 1 0 0 0 0]
-4.000000	3	[0 0 0 1 0 0 1 0 0 1 0 0 0 0 1 0 0 1 0 0 1 0 0 0 0]
-4.000000	1	[0 0 0 1 0 0 1 0 1 0 0 0 0 0 1 0 0 1 0 0 1 0 0 0 0]
-4.000000	4	[0 0 0 1 0 0 1 0 0 0 0 0 0 0 1 0 0 1 1 0 1 0 0 0 0]
-4.000000	1	[0 0 0 1 0 0 1 0 0 0 0 0 0 0 1 0 0 1 1 0 1 0 0 0 0]
4.000000	1	[0 0 1 0 0 1 0 0 0 0 1 0 1 1 0 0 1 0 0 0 0 0 0 0 1]
-6.000000	1	[0 0 0 1 0 0 1 0 0 0 0 0 0 0 1 0 0 1 0 0 1 0 0 0 1]
-6.000000	5	[0 0 0 1 0 0 1 0 0 0 0 0 0 0 1 0 0 1 0 0 1 0 0 1 0]
-6.000000	1	[0 0 0 1 0 0 1 0 0 0 0 0 0 0 1 1 0 1 0 0 1 0 0 0 0]
-4.000000	1	[0 0 0 1 0 0 1 0 1 0 0 0 0 0 1 0 0 1 0 0 1 0 0 0 0]
-4.000000	1	[0 0 0 1 0 0 1 0 1 0 0 0 0 0 1 0 0 1 0 0 1 0 0 0 0]
-4.000000	1	[0 0 0 1 0 0 1 0 0 0 0 0 0 0 1 0 0 1 1 0 1 0 0 0 0]
4.000000	17	[0 0 1 0 0 1 0 0 1 0 0 0 1 1 0 0 1 0 0 0 0 0 0 0 1]
4.000000	3	[0 0 1 0 0 1 0 0 1 0 0 0 1 1 0 0 1 0 0 0 0 0 0 0 1]
-4.000000	1	[0 0 1 0 0 1 0 0 0 0 0 0 1 1 0 0 1 0 0 0 0 0 0 0 1]
-8.000000	1	[0 0 1 0 0 1 0 0 0 0 0 0 0 0 0 0 1 0 0 0 0 0 0 0 1]
-8.000000	1	[0 0 1 1 0 1 0 0 0 0 0 0 1 0 0 0 0 0 0 1 0 1 0 0 0]
-8.000000	1	[0 0 0 1 0 1 0 0 0 0 0 0 0 0 1 0 1 0 0 0 0 0 0 0 0]
-8.000000	1	[0 0 0 1 0 0 1 0 0 0 0 0 0 0 0 0 0 1 0 0 1 0 0 0 0]
0.000000	2	[0 0 0 1 0 0 1 0 1 0 0 0 0 0 1 0 0 1 0 0 1 0 0 0 1]
-8.000000	18	[0 0 0 1 0 0 1 0 0 0 0 0 0 0 1 0 0 0 0 0 1 0 0 0 0]
-8.000000	1	[0 1 0 1 0 0 1 0 0 0 0 0 0 0 1 0 0 1 0 0 1 0 0 0 0]
-6.000000	1	[0 0 0 1 0 0 1 0 0 0 0 0 0 0 1 0 0 1 0 0 1 0 0 1 0]
-8.000000	4	[0 0 0 1 0 0 1 0 0 0 0 0 0 0 1 0 0 0 0 1 1 0 0 0 0]
-6.000000	1	[0 0 0 1 0 0 1 0 0 0 0 0 0 0 1 1 0 1 0 0 1 0 0 0 0]
-8.000000	5	[0 0 0 0 1 0 0 1 0 0 1 0 0 0 0 0 0 0 1 0 0 0 0 0 0]
4.000000	2	[0 0 0 1 0 0 1 0 1 0 0 0 0 0 1 0 0 1 1 0 1 0 0 0 0]
-8.000000	4	[0 0 0 0 1 0 1 0 0 0 0 0 0 0 1 1 0 0 0 0 0 0 0 1 0]
-4.000000	6	[0 0 0 1 0 0 1 0 0 0 0 0 0 0 1 0 0 1 1 0 1 0 0 0 0]
-8.000000	1	[1 0 0 0 0 0 0 1 0 0 0 0 0 0 1 0 1 0 0 0 0 1 0 1 0]
-8.000000	2	[0 0 0 0 1 0 0 1 0 0 1 0 0 0 0 0 0 0 1 0 0 0 0 1 0]
-6.000000	2	[1 0 0 1 0 0 1 0 0 0 0 0 0 0 1 0 0 1 0 0 1 0 0 0 0]
-6.000000	1	[0 0 0 1 0 0 1 0 0 0 0 0 0 0 1 0 0 1 0 0 1 0 0 0 1]
-6.000000	1	[0 0 0 1 0 0 1 0 0 0 0 0 0 0 1 0 0 1 0 0 1 0 1 0 0]
2.000000	1	[0 0 1 0 0 1 0 0 0 0 0 1 1 1 0 0 1 0 0 0 0 0 0 0 1]
20.000000	1	[0 0 1 0 0 1 0 0 1 0 1 1 1 1 0 0 1 0 0 0 0 0 0 0 1]
-4.000000	2	[0 0 1 0 0 1 0 0 0 0 0 0 1 1 0 0 1 0 0 0 0 0 0 0 1]
-4.000000	1	[0 0 1 0 0 1 0 0 0 0 0 0 1 1 0 0 1 0 0 0 0 0 0 0 1]
8.000000	1	[0 0 1 1 0 1 0 0 1 0 0 0 1 1 0 0 1 0 0 0 0 0 0 0 1]
4.000000	8	[0 0 1 0 0 1 0 0 1 0 0 0 1 1 0 0 1 0 0 0 0 0 0 0 1]
4.000000	1	[0 0 1 0 0 1 0 0 1 0 0 0 1 1 0 0 1 0 0 0 0 0 0 0 1]
14.000000	1	[0 0 1 1 0 1 0 0 0 0 1 0 1 1 0 0 1 1 0 0 0 0 0 0 1]
-4.000000	2	[0 0 0 1 0 0 1 0 1 0 0 0 0 0 1 0 0 1 0 0 1 0 0 0 0]
-4.000000	3	[0 0 0 1 0 0 1 0 0 0 0 0 0 0 1 0 0 1 1 0 1 0 0 0 0]
4.000000	1	[0 0 1 0 0 1 0 0 0 0 1 0 1 1 0 0 1 0 0 0 0 0 0 0 1]
4.000000	1	[0 0 1 0 0 1 0 0 0 0 1 0 1 1 0 0 1 0 0 0 0 0 0 0 1]
4.000000	1	[0 0 1 0 0 1 0 0 0 0 1 0 1 1 0 0 1 0 0 0 0 0 0 0 1]
-6.000000	1	[0 0 0 1 0 0 1 0 0 0 0 0 0 0 1 0 0 1 0 0 1 0 1 0 0]
-6.000000	1	[0 0 0 1 0 0 1 0 0 0 0 0 0 0 1 0 0 1 0 0 1 0 0 0 1]
-6.000000	1	[0 0 0 1 0 0 1 0 0 0 0 0 0 0 1 0 0 1 0 0 1 0 0 1 0]
-6.000000	1	[0 0 0 1 0 0 1 0 0 0 0 0 0 0 1 1 0 1 0 0 1 0 0 0 0]
-4.000000	1	[0 0 1 0 0 1 0 0 0 0 0 0 1 1 0 0 1 0 0 0 0 0 0 0 1]
4.000000	1	[0 0 1 0 0 1 0 0 0 0 1 0 1 1 0 0 1 0 0 0 0 0 0 0 1]
-6.000000	2	[0 0 0 1 0 0 1 0 0 0 0 0 0 0 1 0 0 1 0 0 1 0 0 0 1]
-4.000000	2	[0 0 0 1 0 0 1 0 1 0 0 0 0 0 1 0 0 1 0 0 1 0 0 0 0]
-4.000000	1	[0 0 0 1 0 0 1 0 0 1 0 0 0 0 1 0 0 1 0 0 1 0 0 0 0]
8.000000	6	[0 0 0 1 0 0 1 0 1 0 0 0 0 0 1 0 0 1 0 0 1 0 0 1 1]
4.000000	2	[0 0 0 1 0 0 1 0 1 0 0 0 0 0 1 1 0 1 0 0 1 0 0 0 1]
2.000000	1	[0 0 1 0 0 1 0 0 0 0 0 1 1 1 0 0 1 0 0 0 0 0 0 0 1]
2.000000	1	[0 0 1 0 0 1 0 0 0 0 0 0 1 1 0 0 1 0 1 0 0 0 0 0 1]
4.000000	2	[0 0 1 0 0 1 0 0 1 0 0 0 1 1 0 0 1 0 0 0 0 0 0 0 1]
16.000000	6	[0 0 1 1 0 1 0 0 1 0 1 0 1 1 0 0 1 0 0 0 0 0 0 0 1]
12.000000	1	[0 0 1 0 0 1 0 0 1 0 0 0 1 1 0 0 1 1 0 0 0 0 0 0 1]
12.000000	1	[0 0 1 0 0 1 0 0 1 0 1 0 1 1 0 0 1 0 0 0 0 0 0 0 1]
2.000000	1	[0 0 1 0 0 1 0 0 1 0 1 0 0 1 0 0 1 0 0 0 0 0 0 0 1]
-4.000000	1	[0 0 0 1 0 0 1 0 0 1 0 0 0 0 1 0 0 1 0 0 1 0 0 0 0]
-4.000000	1	[0 0 0 1 0 0 1 0 1 0 0 0 0 0 1 0 0 1 0 0 1 0 0 0 0]
-4.000000	2	[0 0 0 1 0 0 1 0 1 0 0 0 0 0 1 0 0 1 0 0 1 0 0 0 0]
-4.000000	1	[0 0 0 1 0 0 1 0 0 0 0 0 0 0 1 0 0 1 1 0 1 0 0 0 0]
4.000000	3	[0 0 0 1 0 0 1 0 0 0 0 0 0 0 1 1 0 1 0 0 1 0 0 1 1]
0.000000	1	[0 0 1 0 0 1 0 0 1 0 0 1 0 1 0 0 1 0 0 0 0 0 0 0 1]
4.000000	3	[0 0 0 1 0 0 1 0 1 0 0 0 0 0 1 1 0 1 0 0 1 0 1 0 0]
8.000000	1	[0 0 0 1 0 0 1 0 1 0 0 0 0 0 1 0 0 1 0 0 1 0 1 1 0]
2.000000	1	[0 0 1 0 0 1 0 0 0 0 0 0 1 1 0 0 1 0 0 0 0 0 1 0 1]
-2.000000	1	[0 0 1 1 0 1 0 0 0 0 0 0 1 1 0 0 1 0 0 0 0 0 0 0 1]
4.000000	3	[0 0 1 0 0 1 0 0 1 0 0 0 1 1 0 0 1 0 0 0 0 0 0 0 1]
-6.000000	1	[0 0 1 0 0 1 0 0 0 0 0 0 0 1 0 0 1 0 1 0 0 0 0 0 0]
-6.000000	1	[0 0 0 0 0 0 1 0 0 0 0 0 0 0 1 1 0 0 0 0 1 0 0 1 0]
-4.000000	1	[0 0 0 1 0 0 1 0 1 0 0 0 0 0 1 0 0 1 0 0 1 0 0 0 0]
-8.000000	2	[0 0 0 0 1 0 0 1 0 0 1 0 0 0 0 0 0 0 1 0 0 0 0 1 0]
-6.000000	1	[0 0 0 1 1 0 1 0 0 0 0 0 0 0 1 0 0 1 0 0 1 0 0 0 0]
-2.000000	2	[0 0 1 1 0 1 0 0 0 0 0 0 1 1 0 0 1 0 0 0 0 0 0 0 1]
4.000000	1	[0 0 0 1 0 0 1 0 0 0 0 0 0 0 1 1 0 1 0 0 1 0 1 1 0]
-6.000000	1	[0 0 0 1 0 0 1 0 0 0 0 0 0 0 1 0 0 1 0 0 1 0 0 0 1]
4.000000	1	[0 0 1 1 0 1 0 0 0 0 0 0 1 1 0 0 1 0 0 0 0 0 1 0 1]
10.000000	2	[0 0 1 0 0 1 0 0 1 0 0 0 1 1 0 0 1 0 0 0 0 0 1 0 1]
-6.000000	2	[1 0 1 0 0 1 0 0 0 0 0 0 0 1 0 0 1 0 0 0 0 0 0 0 0]
-4.000000	1	[1 0 1 0 0 1 0 0 0 0 0 0 1 0 0 0 0 0 0 1 0 1 0 0 0]
8.000000	1	[0 0 0 1 0 0 1 0 0 0 0 0 0 0 1 1 0 1 1 0 1 1 0 0 0]
-6.000000	1	[0 0 0 1 0 0 1 0 0 0 0 0 0 0 1 0 0 1 0 0 1 0 0 0 1]
0.000000	1	[0 0 0 1 0 0 1 0 0 1 0 0 0 0 1 0 0 1 0 1 1 0 0 0 0]
4.000000	1	[1 0 0 1 0 0 1 0 0 0 0 0 0 0 1 0 0 1 0 0 1 0 1 1 0]
-4.000000	5	[0 0 1 1 0 1 0 0 0 0 0 0 1 0 0 0 1 0 0 0 0 0 0 0 1]
-2.000000	1	[0 0 1 1 0 1 0 0 0 0 0 0 1 1 0 0 1 0 0 0 0 0 0 0 1]
-4.000000	6	[0 0 1 0 0 1 0 0 0 0 0 0 1 0 0 0 1 0 0 0 0 0 0 0 1]
-4.000000	10	[0 0 1 0 0 1 0 0 0 0 0 0 1 1 0 0 1 0 0 0 0 0 0 0 0]
-2.000000	1	[0 0 1 0 0 0 0 0 0 0 0 0 1 1 0 0 1 0 0 0 0 0 0 0 1]
4.000000	1	[0 0 1 0 0 1 0 0 1 0 0 0 1 1 0 0 1 0 0 0 0 0 0 0 1]
-2.000000	1	[0 0 1 0 0 1 0 0 0 0 0 0 1 1 0 1 1 0 0 0 0 0 0 0 1]
2.000000	1	[0 0 1 0 0 1 0 0 0 0 0 1 1 1 0 0 1 0 0 0 0 0 0 0 1]
-6.000000	1	[0 0 0 1 0 1 0 0 0 0 1 0 0 0 0 0 1 0 0 0 0 0 0 0 1]
-6.000000	1	[0 0 1 0 1 1 0 0 0 0 1 0 0 0 0 0 0 0 1 0 0 1 0 0 0]
-4.000000	1	[0 0 0 1 0 0 1 0 1 0 0 0 0 0 1 0 0 1 0 0 1 0 0 0 0]
-10.000000	1	[0 0 0 1 0 0 1 0 0 0 0 0 0 0 1 0 0 1 0 0 1 0 0 0 0]
-10.000000	1	[0 0 0 1 0 0 1 0 0 0 0 0 0 0 1 0 0 1 0 0 1 0 0 0 0]
-6.000000	3	[0 0 0 0 1 0 1 0 0 0 0 0 0 0 1 1 0 1 0 0 0 0 0 1 0]
-6.000000	1	[0 0 0 1 0 0 1 0 0 0 0 0 0 0 1 0 0 1 0 0 1 0 0 0 1]
6.000000	5	[0 0 0 1 0 0 1 0 1 0 0 0 0 0 1 1 0 1 0 0 1 0 0 1 0]
8.000000	3	[0 0 0 1 0 0 1 0 1 0 0 0 0 0 1 0 0 1 0 0 1 0 0 1 1]
4.000000	1	[0 0 0 1 0 0 1 0 1 0 0 0 0 0 1 1 0 1 0 0 1 0 0 0 1]
-4.000000	1	[0 0 0 1 0 0 1 0 0 0 0 0 0 0 1 0 0 1 1 0 1 0 0 0 0]
8.000000	1	[0 0 0 1 0 0 1 0 0 0 0 0 0 0 1 1 0 1 1 0 1 0 0 1 0]
10.000000	3	[1 0 1 0 0 1 0 0 1 0 0 0 1 1 0 0 1 0 0 0 0 0 0 0 1]
4.000000	1	[0 0 1 0 0 1 0 0 0 0 1 0 1 1 0 0 1 0 0 0 0 0 0 0 1]
-2.000000	1	[0 0 1 1 0 1 0 0 0 0 0 0 1 1 0 0 1 0 0 0 0 0 0 0 1]
-10.000000	1	[0 0 0 1 0 0 1 0 0 0 0 0 0 0 1 0 0 1 0 0 1 0 0 0 0]
-6.000000	1	[0 0 0 1 0 0 1 0 0 0 0 0 0 0 1 0 0 1 0 0 0 0 0 0 1]
8.000000	2	[0 0 0 1 0 0 1 0 1 0 0 0 0 0 1 0 0 1 0 0 1 0 0 1 1]
-10.000000	1	[0 0 0 1 0 0 1 0 0 0 0 0 0 0 1 0 0 1 0 0 1 0 0 0 0]
6.000000	1	[1 0 0 1 0 0 1 0 0 0 0 0 0 0 1 1 0 1 0 0 1 1 0 0 0]
6.000000	1	[1 0 0 1 0 0 1 0 1 0 0 0 0 0 1 0 0 1 0 0 1 0 0 1 0]
12.000000	7	[0 0 1 0 0 1 0 0 1 0 1 0 1 1 0 0 1 0 0 0 0 0 0 0 1]
12.000000	1	[0 0 1 0 0 1 0 0 1 0 1 0 1 1 0 0 1 0 0 0 0 0 0 0 1]
8.000000	1	[0 0 0 1 0 0 1 0 1 1 0 0 0 0 1 0 0 1 0 0 1 0 1 0 0]
-4.000000	1	[0 0 0 1 0 0 1 0 0 0 0 0 0 0 1 0 0 1 1 0 1 0 0 0 0]
-4.000000	1	[1 0 0 1 0 0 1 0 0 0 0 0 0 0 1 0 0 1 0 1 1 0 0 0 0]
4.000000	1	[0 0 0 1 0 0 1 0 1 0 0 0 0 0 1 1 0 1 0 0 1 0 1 0 0]
8.000000	1	[0 0 0 1 0 0 1 0 0 0 0 0 0 0 1 1 0 1 1 0 1 0 1 0 0]
-6.000000	1	[0 0 0 1 0 0 1 0 0 0 0 0 0 0 1 0 0 1 0 0 0 0 1 0 0]
-6.000000	1	[0 1 0 0 0 0 1 0 0 0 0 0 0 0 1 1 0 0 0 0 0 0 1 1 0]
-4.000000	1	[0 0 0 1 0 0 1 0 0 0 0 0 0 0 1 0 0 1 1 0 1 0 0 0 0]
-6.000000	1	[0 0 0 1 0 0 1 0 0 0 0 0 0 0 1 0 0 1 0 0 1 0 0 1 0]
-10.000000	1	[0 0 0 1 0 0 1 0 0 0 0 0 0 0 1 0 0 1 0 0 1 0 0 0 0]
0.000000	8	[0 0 0 1 0 0 1 0 1 0 0 0 0 0 1 0 0 1 0 0 1 0 0 0 1]
8.000000	2	[0 0 1 1 0 1 0 0 1 0 0 0 1 1 0 0 1 0 0 0 0 0 0 0 1]
-4.000000	1	[0 0 1 0 0 1 0 0 1 0 0 0 0 0 0 0 1 0 0 0 0 0 0 0 1]
-2.000000	1	[0 0 1 0 0 1 0 0 1 0 0 0 0 1 0 0 1 0 0 0 0 0 0 0 0]
16.000000	1	[0 0 1 1 0 1 0 0 1 0 1 0 1 1 0 0 1 0 0 0 0 0 0 0 1]
-6.000000	1	[0 0 0 1 0 1 0 0 0 0 0 0 0 0 1 0 1 0 0 0 1 0 0 0 0]
-4.000000	1	[0 0 0 1 0 1 0 0 0 0 0 0 0 0 1 0 1 0 0 0 1 1 0 0 0]
-6.000000	1	[0 0 0 1 0 0 0 1 0 0 0 0 0 0 1 0 1 0 0 0 0 0 0 1 0]
-4.000000	7	[0 0 0 1 0 0 1 0 0 0 0 0 0 0 1 1 0 0 0 0 1 0 0 1 0]
-4.000000	1	[0 0 0 0 0 0 1 0 1 0 0 0 0 0 1 1 0 0 0 0 0 0 0 1 0]
-2.000000	3	[0 0 0 0 1 0 1 0 0 0 0 0 0 0 1 1 0 0 1 0 0 0 0 1 0]
-4.000000	1	[1 0 1 0 0 1 0 0 0 0 0 0 0 1 0 0 1 0 0 0 0 0 1 0 0]
-4.000000	1	[0 0 1 0 0 1 0 0 0 0 0 0 1 1 0 0 1 0 0 0 0 0 0 0 1]
0.000000	3	[0 0 0 1 0 0 1 0 0 0 0 0 0 0 1 0 0 1 0 0 1 0 0 1 1]
4.000000	1	[0 0 1 0 0 1 0 0 1 0 0 0 1 1 0 0 1 0 0 0 0 0 0 0 1]
10.000000	2	[0 0 1 0 0 1 0 0 1 0 0 1 1 1 0 0 1 0 0 0 0 0 0 0 1]
0.000000	2	[0 0 1 0 0 1 0 0 0 0 0 0 1 1 0 0 1 0 0 0 0 0 1 0 0]
0.000000	4	[0 0 0 1 0 0 1 0 1 0 0 0 0 0 1 0 0 1 0 0 1 0 1 0 0]
-4.000000	1	[0 0 0 0 0 0 1 0 0 0 0 1 0 0 1 0 0 1 0 0 1 0 0 0 0]
-6.000000	2	[0 0 0 1 0 0 1 1 0 0 0 0 0 0 1 0 0 1 0 0 1 0 0 0 0]
-4.000000	1	[0 0 0 0 1 0 1 0 0 0 0 0 0 0 0 1 0 0 0 1 0 0 0 1 0]
-6.000000	2	[0 0 0 0 1 0 1 1 0 0 0 0 0 0 1 1 0 0 0 0 0 0 0 1 0]
-2.000000	1	[0 0 1 1 0 1 0 0 0 0 0 0 1 1 0 0 1 0 0 0 0 0 0 0 1]
0.000000	1	[0 0 1 0 0 1 0 0 0 0 0 0 1 1 0 0 1 0 0 0 0 1 0 0 1]
-2.000000	1	[0 0 1 0 0 1 0 0 0 0 0 0 1 0 0 0 1 0 0 0 0 1 0 0 1]
4.000000	1	[0 0 1 0 0 1 0 0 1 0 0 0 1 1 0 0 1 0 0 0 0 0 0 0 1]
-2.000000	2	[0 0 1 1 0 1 0 0 0 0 0 0 1 0 0 0 1 0 0 0 0 1 0 0 1]
0.000000	21	[0 0 1 0 0 1 0 0 0 0 0 0 1 1 0 0 1 0 1 0 0 0 0 0 0]
4.000000	1	[0 0 1 0 0 1 0 0 1 0 0 0 1 1 0 0 1 0 0 0 0 0 0 0 1]
4.000000	1	[0 0 1 0 0 1 0 0 1 0 0 0 1 1 0 0 1 0 0 0 0 0 0 0 1]
4.000000	1	[0 0 1 0 0 1 0 0 1 0 0 0 1 1 0 0 1 0 0 0 0 0 0 0 1]
-6.000000	1	[0 0 0 0 1 0 1 0 0 0 0 0 0 0 1 1 0 1 0 0 0 0 0 1 0]
12.000000	1	[0 0 1 0 0 1 0 0 1 0 1 0 1 1 0 0 1 0 0 0 0 0 0 0 1]
-4.000000	6	[0 0 0 1 0 0 1 0 0 0 0 0 0 0 1 0 0 0 0 0 1 0 0 0 1]
8.000000	1	[1 0 0 1 0 0 1 0 1 1 0 0 0 0 1 0 0 1 0 0 1 0 0 0 0]
0.000000	1	[0 0 0 1 0 0 1 0 0 0 0 0 0 0 1 0 0 1 0 0 1 0 1 1 0]
-2.000000	1	[0 0 0 1 0 0 1 0 0 0 0 0 0 0 1 1 0 1 0 0 1 0 1 0 0]
-4.000000	1	[0 0 1 0 0 1 0 0 0 0 0 0 1 1 0 0 1 0 0 0 0 0 0 0 1]
0.000000	17	[1 0 1 0 0 1 0 0 0 0 0 0 1 1 0 0 1 0 0 0 0 0 0 0 0]
12.000000	1	[0 0 1 0 0 1 0 0 1 0 0 0 1 1 0 0 1 1 0 0 0 0 0 0 1]
12.000000	1	[0 0 1 0 0 1 0 0 1 0 1 0 1 1 0 0 1 0 0 0 0 0 0 0 1]
-10.000000	1	[0 0 0 1 0 0 1 0 0 0 0 0 0 0 1 0 0 1 0 0 1 0 0 0 0]
2.000000	1	[0 0 0 1 0 0 1 0 0 1 0 0 0 0 1 0 0 1 1 0 1 0 0 0 0]
0.000000	1	[0 0 0 1 0 0 1 0 0 0 0 0 0 0 1 0 0 1 0 0 1 0 0 1 1]
-2.000000	2	[0 0 0 1 0 0 1 0 0 0 0 0 0 0 1 1 0 0 0 0 0 0 0 1 1]
6.000000	1	[0 0 1 1 0 1 0 0 0 0 1 0 1 1 0 0 1 0 0 0 0 0 0 0 1]
2.000000	2	[0 0 1 0 0 1 0 0 0 0 1 0 1 0 0 0 1 0 0 0 0 0 0 0 1]
4.000000	1	[0 0 1 0 0 1 0 0 0 0 1 0 1 1 0 0 1 0 0 0 0 0 0 0 0]
12.000000	2	[0 0 1 0 0 1 0 0 1 0 1 0 1 1 0 0 1 0 0 0 0 0 0 0 1]
2.000000	1	[0 0 1 1 0 1 0 0 0 0 1 0 1 0 0 0 1 0 0 0 0 0 0 0 1]
-6.000000	1	[0 0 0 1 0 0 1 0 0 0 0 0 0 0 1 0 0 0 0 0 1 0 1 0 0]
-6.000000	1	[0 0 0 1 0 0 1 0 0 0 0 0 0 0 1 0 0 0 0 1 1 0 1 0 0]
-4.000000	1	[0 1 0 0 0 0 1 0 0 0 0 0 0 0 1 0 0 1 0 0 1 0 1 0 0]
-6.000000	1	[0 0 0 0 1 0 1 0 0 0 0 0 0 0 1 1 0 1 0 0 0 0 0 1 0]
2.000000	1	[0 0 1 0 0 1 0 1 0 0 0 0 1 1 0 0 1 0 0 0 0 0 0 0 1]
4.000000	1	[0 0 1 0 0 1 0 0 1 0 0 0 1 1 0 0 1 0 0 0 0 0 0 0 1]
4.000000	1	[0 0 1 0 0 1 0 0 1 0 0 0 1 1 0 0 1 0 0 0 0 0 0 0 1]
0.000000	2	[0 0 0 1 0 0 1 0 1 0 0 0 0 0 1 0 0 1 0 0 1 0 0 0 1]
2.000000	1	[0 0 0 1 0 0 1 0 1 0 0 0 0 0 1 0 0 1 0 0 1 0 0 1 0]
2.000000	3	[0 0 0 1 0 0 1 0 0 0 0 0 0 0 1 0 0 1 1 0 1 0 0 1 0]
2.000000	1	[0 0 0 1 0 0 1 0 0 0 0 0 0 0 1 1 0 1 1 0 1 0 0 0 0]
-10.000000	1	[0 0 0 1 0 0 1 0 0 0 0 0 0 0 1 0 0 1 0 0 1 0 0 0 0]
-4.000000	1	[0 0 1 0 0 1 0 0 0 0 0 0 1 1 0 0 1 0 0 0 0 0 0 0 1]
-2.000000	1	[0 0 0 1 0 0 1 0 0 0 0 0 0 0 1 1 0 1 0 0 1 0 0 0 1]
0.000000	1	[0 0 0 1 0 0 1 0 0 0 0 0 0 0 1 0 0 1 0 0 1 0 0 1 1]
0.000000	1	[0 0 0 1 0 0 1 0 1 0 0 0 0 0 1 0 0 1 0 0 1 0 0 0 1]
4.000000	1	[0 0 1 0 0 1 0 0 1 0 0 0 1 1 0 0 1 0 0 0 0 0 0 0 1]
-2.000000	1	[0 0 1 0 0 1 0 0 1 0 0 0 0 0 0 0 1 0 0 0 0 1 0 0 1]
-4.000000	1	[0 0 1 0 1 1 0 0 0 0 0 0 0 1 0 0 1 0 1 0 0 0 0 0 0]
20.000000	1	[0 0 1 0 0 1 0 0 1 0 1 0 1 1 0 0 1 1 0 0 0 0 0 0 1]
-8.000000	1	[1 0 0 0 0 0 0 0 1 0 0 1 0 0 0 0 0 0 0 1 0 1 1 0 0]
-2.000000	12	[0 0 0 1 0 0 1 0 1 0 0 0 0 0 1 0 0 0 0 0 1 0 0 0 0]
0.000000	1	[0 0 0 1 0 0 1 0 0 1 0 0 0 0 1 0 0 1 0 0 1 0 1 0 0]
-4.000000	1	[0 0 0 1 0 0 0 0 1 0 0 0 0 0 1 0 0 1 0 0 1 0 0 0 0]
-4.000000	1	[0 0 0 1 0 0 1 0 0 0 0 0 0 0 1 1 0 0 0 0 1 0 0 1 0]
-4.000000	3	[0 0 0 1 0 0 1 0 0 1 0 0 0 0 1 0 0 0 0 0 1 0 0 0 0]
-4.000000	5	[0 0 0 1 0 0 1 0 0 0 0 0 0 0 1 0 0 0 1 0 1 0 0 0 0]
-2.000000	2	[0 0 0 1 0 0 1 0 1 0 0 0 0 0 1 0 0 0 0 1 1 0 0 0 0]
-4.000000	1	[0 0 0 1 0 0 1 0 1 0 0 0 0 0 1 0 0 1 0 0 0 0 0 0 0]
-4.000000	1	[0 1 0 0 0 0 1 0 0 1 0 0 0 0 1 1 0 0 0 0 1 0 0 1 0]
0.000000	2	[0 0 0 0 0 0 1 0 0 0 0 0 0 0 1 1 0 0 1 0 1 0 0 1 0]
-2.000000	2	[0 0 0 0 1 0 1 0 0 0 0 0 0 0 1 1 0 0 1 0 0 0 0 1 0]
-2.000000	1	[0 1 0 1 0 0 1 0 0 0 0 0 0 0 1 0 0 1 1 0 1 0 0 0 0]
-2.000000	1	[0 1 0 0 0 0 1 0 0 0 0 0 0 0 1 1 0 0 1 0 0 0 0 1 0]
-4.000000	1	[1 0 0 0 0 0 0 1 1 0 0 0 0 0 1 0 0 0 0 0 0 0 0 1 0]
12.000000	1	[0 0 1 0 0 1 0 0 1 0 1 0 1 1 0 0 1 0 0 0 0 0 0 0 1]
0.000000	1	[0 0 0 1 0 0 1 0 1 0 0 0 0 0 1 0 0 1 0 0 1 0 0 0 1]
-2.000000	1	[1 0 1 0 0 1 0 0 0 0 0 0 0 1 0 0 1 0 1 0 0 0 0 0 0]
0.000000	1	[1 0 1 0 0 1 0 0 1 0 0 0 0 1 0 0 1 0 0 0 0 0 0 0 0]
0.000000	1	[1 0 1 0 0 1 0 0 1 0 0 0 1 0 0 0 0 0 0 1 0 1 0 0 0]
6.000000	1	[0 0 1 1 0 1 0 0 0 0 0 1 1 1 0 0 1 0 0 0 0 0 0 0 1]
-4.000000	1	[0 0 0 1 0 0 1 0 0 0 0 0 0 0 1 0 0 0 0 0 1 0 0 0 1]
-6.000000	1	[0 0 0 1 0 1 1 0 0 0 0 0 0 0 1 0 1 0 0 0 0 0 0 0 0]
-6.000000	1	[0 0 0 1 0 0 1 0 0 0 0 0 0 0 1 0 0 0 0 0 1 0 0 1 0]
-6.000000	1	[0 0 0 1 0 0 1 0 0 0 0 0 0 0 1 1 0 0 0 0 1 0 0 0 0]
-6.000000	1	[0 0 0 1 0 0 1 0 0 0 0 0 0 0 1 1 0 1 0 0 0 0 0 0 0]
12.000000	1	[0 0 0 1 0 0 1 0 1 0 0 0 0 0 1 0 0 1 1 0 1 0 0 1 0]
2.000000	2	[0 0 0 1 0 0 1 0 0 0 0 0 0 0 1 1 0 1 1 0 1 0 0 0 0]
-8.000000	1	[0 0 0 0 1 0 0 1 0 0 1 0 0 0 0 0 0 0 1 0 0 1 0 1 0]
-10.000000	1	[0 0 0 1 0 0 1 0 0 0 0 0 0 0 1 0 0 1 0 0 1 0 0 0 0]
-4.000000	1	[0 0 0 0 0 0 1 1 0 0 0 0 0 0 1 1 0 0 0 0 1 0 0 1 0]
-6.000000	1	[0 0 0 0 1 0 1 1 0 0 0 0 0 0 1 1 0 0 0 0 0 0 0 1 0]
-2.000000	1	[0 0 1 0 0 1 0 0 0 1 0 0 1 0 0 0 1 0 0 0 0 0 0 0 1]
-2.000000	5	[0 0 1 1 0 1 0 0 0 0 0 0 1 1 0 0 1 0 0 0 0 0 0 0 0]
0.000000	1	[0 0 1 0 0 1 0 0 0 0 0 0 1 1 0 0 1 0 0 0 1 0 0 0 0]
-2.000000	1	[0 0 1 1 0 1 0 0 0 0 0 0 1 0 0 0 1 0 0 0 0 1 0 0 1]
0.000000	1	[0 0 1 0 0 1 0 0 0 0 0 0 1 1 0 0 1 0 1 0 0 0 0 0 0]
4.000000	3	[0 0 1 0 0 1 0 0 1 0 0 0 1 1 0 0 1 0 0 0 0 0 0 0 0]
2.000000	1	[0 0 1 0 1 1 0 0 0 0 0 0 1 1 0 0 1 0 0 0 0 0 0 0 1]
10.000000	1	[0 0 1 0 0 1 0 0 0 0 1 0 1 1 0 0 1 0 1 0 0 0 0 0 1]
2.000000	6	[0 0 1 0 0 1 0 0 1 0 0 0 1 0 0 0 1 0 0 0 0 0 0 0 1]
16.000000	1	[0 0 1 1 0 1 0 0 1 0 1 0 1 1 0 0 1 0 0 0 0 0 0 0 1]
0.000000	1	[0 0 1 0 0 1 0 0 1 0 1 0 0 0 0 0 1 0 0 0 0 0 0 0 1]
-2.000000	1	[0 0 0 1 0 0 1 0 0 0 0 0 0 0 1 1 0 1 0 0 1 0 0 1 0]
0.000000	1	[0 0 0 1 0 0 1 0 1 0 0 0 0 0 1 0 0 1 0 0 1 1 0 0 0]
-2.000000	1	[0 0 0 0 0 0 1 0 1 0 0 0 0 0 1 1 0 1 0 0 0 0 0 1 0]
2.000000	1	[0 0 0 0 1 0 1 0 0 0 0 0 0 0 1 1 0 1 1 0 0 0 0 1 0]
4.000000	6	[1 0 1 0 0 1 0 0 0 0 0 0 1 1 0 0 1 0 0 0 0 0 1 0 0]
0.000000	1	[0 0 0 0 0 0 1 0 0 0 0 0 0 0 1 1 0 0 0 0 1 0 0 1 1]
0.000000	3	[0 1 0 0 0 0 1 0 0 0 0 0 0 0 1 1 0 0 0 0 1 0 0 1 1]
-6.000000	2	[0 0 0 1 0 0 1 0 0 0 0 0 0 0 1 0 0 1 0 0 1 0 1 0 0]
12.000000	2	[0 0 1 0 0 1 0 0 1 0 1 0 1 1 0 0 1 0 0 0 0 0 0 0 1]
-2.000000	1	[0 0 1 0 0 1 0 0 0 0 0 0 1 1 0 0 1 0 0 1 0 0 0 0 0]
0.000000	1	[1 0 1 0 0 1 0 0 0 0 0 0 1 1 0 0 1 0 0 0 0 0 0 0 0]
-6.000000	1	[0 0 0 0 1 0 1 1 0 0 0 0 0 0 1 1 0 0 0 0 0 0 0 1 0]
-2.000000	3	[0 0 0 0 1 0 1 1 0 0 0 0 0 0 1 1 0 1 0 0 0 0 0 1 0]
8.000000	3	[0 0 1 0 0 1 0 0 0 0 1 0 1 1 0 0 1 0 1 0 0 0 0 0 0]
12.000000	1	[0 0 1 0 0 1 0 0 1 0 1 0 1 1 0 0 1 0 0 0 0 0 0 0 1]
12.000000	1	[0 0 1 0 0 1 0 0 1 0 1 0 1 1 0 0 1 0 0 0 0 0 0 0 1]
-2.000000	1	[0 1 0 0 0 0 1 0 0 0 0 0 0 0 1 1 0 0 0 0 1 0 1 1 0]
-2.000000	1	[0 1 0 0 0 0 1 0 1 0 0 0 0 0 1 1 0 0 0 0 0 0 1 1 0]
12.000000	1	[0 0 0 1 0 0 1 0 1 0 0 0 0 0 1 1 0 1 0 0 1 0 0 1 1]
-2.000000	1	[0 0 0 0 0 0 1 1 0 0 0 0 0 0 1 1 0 0 0 0 0 0 0 1 1]
8.000000	1	[0 0 1 1 0 1 0 0 1 0 0 0 1 1 0 0 1 0 0 0 0 0 0 0 1]
2.000000	1	[0 0 0 1 0 0 1 0 1 0 0 0 0 0 1 0 0 1 0 0 1 0 0 1 0]
2.000000	1	[0 0 0 1 0 0 1 0 0 0 0 0 0 0 1 0 0 1 1 0 1 0 0 1 0]
2.000000	1	[0 0 0 1 0 0 1 0 0 0 0 0 0 0 1 1 0 1 1 0 1 0 0 0 0]
0.000000	1	[0 0 1 0 0 1 0 0 0 0 0 0 1 1 0 0 1 0 0 0 0 0 1 0 0]
0.000000	1	[0 0 1 0 0 1 0 0 0 0 0 0 1 1 1 0 1 0 0 0 0 0 0 0 0]
-6.000000	1	[0 0 1 0 0 1 0 0 0 0 0 0 1 0 0 0 0 0 1 0 0 1 0 0 0]
-6.000000	1	[0 0 0 1 0 0 1 0 0 0 0 0 0 0 1 0 0 1 0 0 1 0 0 0 1]
-4.000000	1	[0 0 0 1 0 0 1 0 1 0 0 0 0 0 0 0 0 1 0 0 1 0 0 0 0]
-10.000000	1	[0 0 0 1 0 0 1 0 0 0 0 0 0 0 1 0 0 1 0 0 1 0 0 0 0]
-4.000000	1	[0 0 0 0 1 0 0 1 0 0 1 0 0 0 1 0 0 0 1 0 0 0 0 0 0]
0.000000	1	[0 0 0 0 0 0 1 0 1 0 0 0 0 0 1 1 0 0 0 0 1 0 0 1 0]
0.000000	1	[0 1 0 0 0 0 1 0 1 0 0 0 0 0 1 1 0 0 0 0 1 0 0 1 0]
-4.000000	2	[0 0 0 0 1 0 0 1 0 0 1 0 0 0 1 0 0 0 1 0 0 0 0 1 0]
0.000000	1	[0 0 0 0 0 0 1 0 0 0 0 0 0 0 1 1 0 0 1 0 1 0 0 1 0]
-2.000000	1	[0 0 0 0 1 0 1 0 0 0 0 0 0 0 1 1 0 0 1 0 0 0 0 1 0]
-6.000000	1	[0 0 0 0 1 0 1 0 0 0 0 0 0 0 1 1 0 1 0 0 0 0 0 1 0]
-2.000000	1	[0 0 0 0 1 0 1 1 0 0 0 0 0 0 1 1 0 0 0 0 0 0 1 1 0]
0.000000	1	[0 0 0 1 0 0 1 0 1 0 0 0 0 0 1 0 0 1 0 0 1 0 0 0 1]
-2.000000	1	[0 0 0 1 1 0 1 0 0 0 0 0 0 0 1 1 0 1 0 0 1 0 0 0 0]
-4.000000	1	[0 0 0 0 1 1 1 0 0 0 0 0 0 0 1 1 0 0 0 0 0 0 0 1 0]
8.000000	2	[0 0 1 0 0 1 0 0 1 0 0 0 1 1 0 0 1 0 0 0 0 0 1 0 0]
0.000000	1	[0 0 0 1 0 0 1 0 1 0 0 0 0 0 1 0 0 1 0 0 1 0 0 0 1]
0.000000	1	[0 0 0 1 0 0 1 0 1 0 0 0 0 0 1 0 0 1 0 0 1 0 0 0 1]
-6.000000	1	[0 0 1 0 0 1 0 0 0 0 0 0 0 1 1 0 1 0 0 0 0 0 0 0 1]
-2.000000	2	[0 0 0 1 0 0 1 1 0 0 0 0 0 0 1 1 0 0 0 0 0 0 0 1 0]
0.000000	1	[0 0 0 1 0 0 1 0 0 0 0 0 0 0 1 1 0 0 0 1 1 0 0 1 0]
0.000000	1	[0 0 0 0 0 0 1 0 0 0 0 1 0 0 1 0 0 1 1 0 1 0 0 0 0]
0.000000	1	[0 0 0 0 0 0 1 1 1 0 0 0 0 0 1 1 0 0 0 0 0 0 0 1 0]
0.000000	1	[0 0 0 0 0 0 1 1 0 0 0 0 0 0 1 1 0 0 1 0 0 0 0 1 0]
2.000000	1	[0 0 0 0 0 0 1 0 1 0 0 1 0 0 1 1 0 0 0 0 0 0 0 1 0]
0.000000	7	[0 0 0 0 1 0 1 1 0 0 0 0 0 0 1 1 0 0 1 0 0 0 0 1 0]
4.000000	4	[0 0 0 0 1 0 1 0 0 0 0 1 0 0 1 1 0 0 1 0 0 0 0 1 0]
-2.000000	3	[0 0 0 0 1 0 1 1 0 0 0 0 0 0 1 1 0 0 0 0 0 1 0 1 0]
2.000000	1	[0 0 1 1 0 1 0 0 0 0 0 0 1 1 0 0 1 0 0 0 0 1 0 0 1]
2.000000	2	[0 0 1 0 0 1 0 0 1 0 0 0 1 0 0 0 1 0 0 0 0 0 0 0 1]
4.000000	2	[0 0 1 0 0 1 0 0 1 0 0 0 1 1 0 0 1 0 0 0 0 0 0 0 0]
-2.000000	1	[0 0 1 1 0 1 0 0 0 0 0 0 1 0 0 0 1 0 0 0 0 1 0 0 1]
4.000000	2	[0 0 1 0 1 1 0 0 0 0 0 0 1 1 0 0 1 0 1 0 0 0 0 0 0]
4.000000	2	[0 0 1 0 0 1 0 0 1 0 0 0 1 1 0 0 1 0 0 0 0 0 0 0 1]
4.000000	5	[0 0 1 0 0 1 0 0 0 0 0 0 1 1 0 0 1 0 1 0 1 0 0 0 0]
4.000000	2	[0 0 1 0 0 1 0 0 1 0 0 0 1 0 0 0 1 0 0 0 0 1 0 0 1]
2.000000	2	[0 0 1 0 0 1 0 0 1 0 1 0 0 0 0 0 1 0 0 0 0 1 0 0 1]
-4.000000	1	[0 0 0 1 0 0 1 0 1 0 0 0 0 0 1 0 0 1 0 0 1 0 0 0 0]
0.000000	1	[0 0 0 0 0 0 1 0 0 0 0 0 0 0 1 1 0 1 0 0 0 1 0 1 0]
12.000000	1	[0 0 1 0 0 1 0 0 1 0 1 0 1 1 0 0 1 0 0 0 0 0 0 0 1]
0.000000	1	[0 0 0 0 0 0 1 0 1 0 0 0 0 0 1 1 0 0 0 0 0 0 0 1 1]
-2.000000	1	[1 0 0 1 0 0 1 0 0 0 0 0 0 0 1 1 0 0 0 0 0 0 0 1 0]
-2.000000	1	[0 0 1 1 0 1 0 0 0 0 0 0 1 1 0 0 1 0 0 0 0 0 0 0 1]
4.000000	3	[0 0 1 0 0 1 0 0 1 0 0 0 1 1 0 0 1 0 0 0 0 0 0 0 1]
6.000000	6	[1 0 1 0 0 1 0 0 0 0 0 0 1 1 0 0 1 0 1 0 0 0 0 0 0]
8.000000	8	[1 0 1 0 0 1 0 0 1 0 0 0 1 1 0 0 1 0 0 0 0 0 0 0 0]
4.000000	1	[1 0 1 0 0 1 0 0 0 0 0 0 1 1 0 0 1 0 0 0 0 0 1 0 0]
-2.000000	1	[0 0 1 0 0 1 0 0 0 0 0 0 1 0 0 1 1 0 0 0 0 0 0 0 1]
4.000000	2	[0 0 1 0 0 1 1 0 0 0 0 0 1 1 0 0 1 0 0 0 0 0 0 0 1]
0.000000	3	[0 0 1 0 0 1 0 0 0 0 0 0 1 1 0 0 1 0 0 0 0 0 0 1 1]
-2.000000	1	[0 0 1 0 0 1 0 0 0 0 0 0 1 1 0 0 1 0 0 0 0 0 0 1 0]
0.000000	1	[0 0 1 0 0 1 0 0 0 0 1 0 0 1 0 0 1 0 0 0 0 0 0 1 1]
-8.000000	2	[0 0 0 1 0 0 1 0 0 0 0 0 0 0 1 0 0 0 0 0 1 0 0 0 0]
-8.000000	1	[0 0 0 1 0 0 1 0 0 0 0 0 0 0 1 0 0 0 0 1 1 0 0 0 0]
-4.000000	1	[0 0 0 1 0 0 1 0 1 0 0 0 0 0 1 0 0 1 0 0 1 0 0 0 0]
-4.000000	1	[0 0 0 1 0 0 1 0 0 0 0 0 0 0 1 0 0 1 1 0 1 0 0 0 0]
2.000000	1	[0 0 0 0 1 0 1 1 0 0 0 1 0 0 1 1 0 0 0 0 0 0 0 1 0]
2.000000	1	[0 0 0 0 1 0 1 1 0 0 0 0 0 0 1 1 0 0 0 1 0 0 0 1 0]
-4.000000	1	[0 0 0 1 0 0 0 1 0 0 0 0 0 0 1 0 1 0 0 0 0 0 0 1 1]
-4.000000	1	[0 0 0 1 0 0 1 0 0 1 0 0 0 0 1 0 0 1 0 0 1 0 0 0 0]
6.000000	1	[0 0 1 0 0 1 0 1 0 0 0 0 1 1 0 0 1 0 1 0 0 0 0 0 0]
6.000000	1	[0 0 1 0 0 1 0 0 0 0 0 1 1 1 0 0 1 0 1 0 0 0 0 0 0]
4.000000	1	[0 0 1 0 0 1 0 0 0 1 1 0 1 0 0 0 1 0 0 0 0 0 0 0 1]
6.000000	1	[0 0 1 1 0 1 0 0 0 0 1 0 1 1 0 0 1 0 0 0 0 0 0 0 0]
12.000000	2	[0 0 1 0 0 1 0 0 1 0 1 0 1 1 0 0 1 0 0 0 0 0 0 0 0]
8.000000	2	[0 0 1 0 0 1 0 0 1 0 1 0 1 0 0 0 1 0 0 0 0 0 0 0 1]
2.000000	1	[0 1 0 0 0 0 1 0 0 0 0 0 0 0 1 1 0 1 0 0 1 0 0 1 1]
-4.000000	1	[0 0 1 0 0 1 0 0 0 0 0 0 1 1 0 0 1 0 0 0 0 0 0 0 1]
0.000000	1	[1 0 1 0 0 1 0 0 0 0 0 0 1 1 0 0 1 0 0 0 0 0 0 0 0]
-8.000000	1	[0 0 0 1 0 0 1 0 0 0 0 0 0 0 1 0 0 0 0 0 1 0 0 0 0]
-8.000000	1	[0 0 0 1 0 0 1 0 0 0 0 0 0 0 1 0 0 0 0 1 1 0 0 0 0]
-10.000000	1	[0 0 0 1 0 0 1 0 0 0 0 0 0 0 1 0 0 1 0 0 1 0 0 0 0]
0.000000	1	[0 0 1 0 0 1 0 0 0 0 0 0 1 1 0 0 1 0 0 0 0 0 1 0 0]
-2.000000	1	[0 0 1 1 0 1 0 0 0 0 0 0 1 0 0 0 1 0 0 0 0 1 0 0 1]
-8.000000	1	[0 0 1 0 1 1 0 0 0 0 0 0 0 0 0 0 0 0 1 0 0 1 0 0 0]
-4.000000	1	[0 1 0 0 0 0 1 0 0 0 0 0 0 0 1 1 0 1 0 0 1 0 0 1 0]
-8.000000	1	[0 0 0 1 0 0 1 0 0 0 0 0 0 0 1 0 0 0 0 0 1 0 0 0 0]
2.000000	1	[0 0 0 1 0 0 1 0 0 0 0 0 0 0 1 1 0 0 0 0 1 1 0 1 0]
4.000000	2	[0 0 0 1 0 0 1 0 1 0 0 0 0 0 1 1 0 0 0 0 1 0 0 1 0]
4.000000	2	[0 0 0 1 0 0 1 0 0 0 0 0 0 0 1 1 0 0 1 0 1 0 0 1 0]
0.000000	1	[0 0 0 1 1 0 1 0 0 0 0 0 0 0 1 0 0 1 1 0 1 0 0 0 0]
0.000000	1	[0 0 0 1 0 0 1 0 1 0 0 0 0 0 1 1 0 1 0 0 1 0 0 0 0]
2.000000	1	[0 0 0 0 0 0 1 0 1 0 0 0 0 0 1 1 0 1 0 0 0 0 1 1 0]
4.000000	4	[1 0 1 0 0 1 0 0 0 0 0 0 1 1 1 0 1 0 0 0 0 0 0 0 0]
10.000000	4	[1 0 1 0 0 1 0 0 0 0 1 0 1 1 0 0 1 0 0 0 0 0 0 0 0]
8.000000	2	[0 0 0 1 0 0 1 0 1 0 0 0 0 0 1 0 0 1 0 0 1 0 0 1 1]
0.000000	1	[1 0 1 0 0 1 0 0 0 0 0 1 0 1 0 0 1 0 0 0 0 0 1 0 0]
2.000000	1	[0 0 1 1 0 1 0 0 0 0 0 0 1 1 0 0 1 0 0 0 0 0 1 0 0]
2.000000	1	[0 0 1 0 0 1 0 1 0 0 0 0 1 1 0 0 1 0 0 0 0 0 0 0 1]
0.000000	6	[0 0 0 1 0 0 1 1 0 0 0 0 0 0 1 1 0 0 0 0 1 0 0 1 0]
-2.000000	1	[0 0 0 1 0 0 1 1 0 0 0 0 0 0 1 1 0 0 0 0 0 0 0 1 0]
-2.000000	1	[0 0 1 1 0 1 0 0 0 0 0 0 1 0 0 0 1 0 0 0 0 1 0 0 1]
0.000000	1	[0 0 1 1 0 1 0 0 0 1 0 0 1 0 0 0 1 0 0 0 0 0 0 0 1]
2.000000	1	[0 0 1 1 0 1 0 0 0 0 0 0 1 1 0 0 1 0 0 0 1 0 0 0 0]
-8.000000	1	[0 0 0 1 0 0 1 0 0 0 0 0 0 0 1 0 0 0 0 0 1 0 0 0 0]
4.000000	1	[0 1 0 0 0 0 1 0 0 0 0 0 0 0 1 1 0 1 1 0 1 0 0 1 0]
-2.000000	1	[0 0 0 0 1 0 1 0 0 0 1 0 0 0 1 1 0 1 0 0 0 0 0 1 0]
12.000000	8	[1 0 1 0 0 1 0 0 1 0 0 0 1 1 0 0 1 0 0 0 0 0 1 0 0]
4.000000	1	[0 0 0 0 1 0 1 1 0 0 0 0 0 0 1 1 0 1 0 0 0 0 1 1 0]
4.000000	1	[0 0 0 1 0 0 1 0 1 0 0 0 0 0 1 0 0 0 0 1 1 0 0 0 1]
4.000000	3	[1 0 1 1 0 1 0 0 0 0 0 0 1 1 0 0 1 0 0 0 0 0 0 0 0]
6.000000	2	[1 0 1 0 0 1 0 0 0 0 0 0 1 1 0 0 1 0 0 0 1 0 0 0 0]
8.000000	1	[1 0 1 0 0 1 0 0 1 0 0 0 1 1 0 0 1 0 0 0 0 0 0 0 0]
2.000000	1	[0 0 0 0 1 0 1 0 0 0 0 0 0 0 1 1 0 0 1 0 0 0 1 1 0]
4.000000	1	[0 0 1 0 0 1 0 0 0 0 1 0 1 1 0 0 1 0 0 0 0 0 0 0 1]
-2.000000	1	[0 1 0 0 0 0 1 1 0 0 0 0 0 0 1 1 0 0 0 0 1 0 0 1 0]
4.000000	1	[0 0 0 0 0 0 1 1 0 0 0 1 0 0 1 1 0 0 0 0 1 0 0 1 0]
-4.000000	1	[0 0 0 1 0 0 1 0 0 0 0 0 0 0 1 0 0 1 1 0 1 0 0 0 0]
0.000000	1	[0 1 0 0 0 0 1 0 1 0 0 0 0 0 1 1 0 0 0 0 1 0 0 1 0]
6.000000	1	[0 0 1 0 0 1 0 1 0 0 0 0 1 1 0 0 1 0 0 0 1 0 0 0 0]
6.000000	1	[1 0 1 0 0 1 0 0 0 0 0 0 1 1 0 0 1 0 1 0 0 0 0 0 0]
8.000000	3	[1 0 1 0 0 1 0 0 1 0 0 0 1 1 0 0 1 0 0 0 0 0 0 0 0]
4.000000	1	[0 0 0 1 0 0 1 0 0 0 0 0 0 0 1 1 0 1 0 1 1 0 0 1 0]
6.000000	4	[0 0 0 0 1 0 1 1 0 0 0 0 0 0 1 1 0 1 1 0 0 0 0 1 0]
10.000000	1	[1 0 1 0 0 1 0 0 0 0 0 1 1 1 0 0 1 0 0 0 0 0 1 0 0]
0.000000	1	[0 0 0 1 0 0 1 0 1 0 0 0 0 0 1 0 0 0 0 0 1 0 1 0 0]
2.000000	1	[1 0 1 0 0 1 0 0 0 0 0 0 1 1 0 0 1 0 0 0 0 0 0 1 0]
2.000000	2	[0 0 0 0 0 0 1 1 0 0 0 0 0 0 1 1 0 0 0 0 1 0 0 1 1]
4.000000	1	[0 0 0 1 0 0 1 0 0 0 0 0 0 0 1 1 0 1 0 0 1 0 0 1 1]
-6.000000	1	[0 0 0 1 0 0 1 0 0 0 0 0 0 0 1 0 0 1 0 0 1 0 0 1 0]
2.000000	1	[0 0 0 1 0 0 1 0 1 0 0 0 0 0 1 1 0 0 0 0 0 0 1 1 0]
6.000000	1	[0 0 0 0 0 0 1 0 1 0 0 0 0 0 1 1 0 0 0 1 0 0 0 1 1]
4.000000	1	[0 0 0 0 0 0 1 1 1 0 0 0 0 0 1 1 0 0 0 0 0 0 0 1 1]
-4.000000	1	[0 0 1 0 0 1 0 0 0 0 0 0 1 1 0 0 1 0 0 0 0 0 0 0 0]
2.000000	1	[0 0 1 1 0 1 0 0 0 0 0 0 1 1 0 0 1 0 0 0 0 0 1 0 0]
2.000000	1	[0 0 1 1 0 1 0 0 0 0 0 0 1 1 1 0 1 0 0 0 0 0 0 0 0]
6.000000	1	[0 0 1 1 0 1 0 0 0 0 0 0 1 1 0 0 1 1 0 0 0 0 0 0 0]
12.000000	1	[0 0 1 0 0 1 0 0 1 0 1 0 1 1 0 0 1 0 0 0 0 0 0 0 1]
12.000000	1	[0 0 1 0 0 1 0 0 1 0 1 0 1 1 0 0 1 0 0 0 0 0 0 0 0]
2.000000	1	[0 0 0 1 0 0 1 0 0 0 0 0 0 0 1 1 0 0 0 0 1 0 0 1 1]
4.000000	1	[0 0 0 1 0 0 1 0 1 0 0 0 0 0 1 1 0 0 0 0 1 0 0 1 0]
-2.000000	1	[0 0 0 1 0 0 1 0 0 0 0 0 0 0 1 1 0 1 0 0 1 0 0 1 0]
4.000000	1	[0 0 0 1 0 0 1 0 0 0 0 0 0 0 1 1 0 1 0 0 1 0 1 1 0]
-10.000000	1	[0 0 0 1 0 0 1 0 0 0 0 0 0 0 1 0 0 1 0 0 1 0 0 0 0]
6.000000	1	[0 0 0 1 0 0 1 0 0 0 0 0 0 0 1 1 0 0 1 0 0 1 0 1 0]
2.000000	3	[0 0 0 0 1 0 1 0 0 0 1 0 0 0 1 1 0 0 1 0 0 0 0 1 0]
2.000000	1	[1 0 1 0 0 1 0 0 1 0 0 0 0 1 0 0 1 0 0 0 0 0 1 0 0]
0.000000	1	[0 0 1 0 0 1 0 0 0 0 0 0 1 1 0 0 1 0 0 0 0 0 0 1 1]
-4.000000	1	[0 0 1 0 0 1 0 0 0 0 0 0 1 1 0 0 1 0 0 0 0 0 0 0 1]
8.000000	1	[0 0 0 1 0 0 1 0 1 0 0 0 0 0 1 0 0 1 0 0 1 0 0 1 1]
8.000000	1	[0 0 0 1 0 0 1 0 1 0 0 0 0 0 1 0 0 1 0 0 1 0 1 1 0]
2.000000	1	[0 0 0 1 0 0 1 0 1 0 0 0 0 0 1 0 0 0 0 0 1 0 0 0 1]
12.000000	1	[0 0 1 0 0 1 0 0 1 0 1 0 1 1 0 0 1 0 0 0 0 0 0 0 1]
-6.000000	1	[0 0 0 0 1 0 0 1 0 0 1 1 0 0 0 0 0 0 1 0 0 0 0 0 0]
2.000000	1	[0 0 0 0 0 0 1 1 0 0 0 0 0 0 1 1 0 0 1 0 1 0 0 1 0]
-2.000000	1	[0 0 0 0 1 0 1 1 0 0 1 0 0 0 1 1 0 0 0 0 0 0 0 1 0]
4.000000	1	[0 0 0 0 1 0 1 1 0 0 0 0 0 0 1 1 0 0 1 0 0 1 0 1 0]
10.000000	1	[0 0 0 1 0 0 1 0 0 0 0 0 0 0 1 0 0 1 1 0 1 0 1 1 0]
-4.000000	1	[0 0 1 0 0 1 0 0 0 0 0 0 1 1 0 0 1 0 0 0 0 0 0 0 1]
4.000000	1	[0 0 0 0 0 0 1 0 0 0 0 1 0 0 1 1 0 0 0 1 0 0 1 1 0]
8.000000	1	[1 0 1 1 0 1 0 0 0 0 0 0 1 1 0 0 1 0 0 0 0 0 1 0 0]
12.000000	1	[1 0 1 0 0 1 0 0 1 0 0 0 1 1 0 0 1 0 0 0 0 0 1 0 0]
4.000000	1	[0 0 0 1 0 0 1 0 1 0 0 0 0 0 1 0 0 0 0 1 1 0 0 0 1]
0.000000	1	[0 1 0 0 0 0 1 0 1 0 1 0 0 0 0 0 0 1 0 0 0 0 0 1 1]
-10.000000	1	[0 0 0 1 0 0 1 0 0 0 0 0 0 0 1 0 0 1 0 0 1 0 0 0 0]
12.000000	1	[1 0 1 0 0 1 0 0 1 0 0 0 1 1 0 0 1 0 0 0 0 0 1 0 0]
4.000000	1	[0 0 0 1 0 0 1 0 0 0 0 0 0 0 1 1 0 1 0 0 1 0 0 1 1]
8.000000	1	[0 0 0 0 1 1 1 0 0 0 0 0 0 0 1 1 0 1 1 0 0 0 0 1 0]
4.000000	1	[0 0 0 1 0 0 1 0 1 0 0 0 0 0 1 0 0 0 0 1 1 0 0 0 1]
4.000000	2	[0 0 0 0 0 0 1 1 0 0 0 1 0 0 1 0 0 1 1 0 1 0 0 0 0]
-6.000000	1	[0 1 0 0 0 0 0 0 0 0 0 0 0 0 1 1 0 0 0 0 0 0 0 1 1]
4.000000	1	[1 0 1 1 0 1 0 0 0 0 0 0 1 1 0 0 1 0 0 0 0 0 0 0 0]
8.000000	1	[1 0 1 0 0 1 0 0 1 0 0 0 1 1 0 0 1 0 0 0 0 0 0 0 0]
6.000000	1	[0 0 0 0 1 0 1 1 0 0 0 0 0 0 1 1 0 1 1 0 0 0 0 1 0]
6.000000	1	[0 0 0 0 1 0 1 1 0 0 0 0 0 0 1 1 0 1 1 0 0 0 0 1 0]
-4.000000	1	[0 0 1 0 0 1 0 0 0 0 0 0 1 1 0 0 1 0 0 0 0 0 0 0 1]
10.000000	1	[0 0 1 0 0 1 0 0 1 0 1 0 1 0 0 0 1 0 0 0 0 1 0 0 1]
2.000000	1	[0 0 0 1 0 0 1 1 0 0 0 0 0 0 1 1 0 0 0 0 0 0 0 1 1]
4.000000	1	[0 0 0 0 0 0 1 1 1 0 0 0 0 0 1 1 0 0 0 0 0 0 0 1 1]
2.000000	1	[0 0 1 0 0 1 0 0 0 0 0 0 1 1 0 0 1 0 0 0 1 0 0 0 1]
8.000000	1	[0 0 0 1 0 0 1 0 0 0 0 0 0 0 1 1 0 1 1 0 1 0 0 1 0]
2.000000	1	[0 0 0 1 0 0 0 0 0 0 0 0 0 0 1 0 0 1 0 0 1 0 1 1 0]
14.000000	1	[1 0 1 0 0 1 0 0 1 0 0 1 1 1 0 0 1 0 0 0 0 0 0 0 0]
12.000000	1	[1 0 1 0 0 1 0 0 0 0 0 1 1 1 0 0 1 0 1 0 0 0 0 0 0]
8.000000	1	[0 0 0 1 0 0 1 0 0 1 0 0 0 0 1 0 0 1 1 0 1 0 0 1 0]
2.000000	1	[0 1 0 0 0 0 1 1 0 0 0 0 0 0 1 1 0 1 0 0 1 0 0 1 0]
4.000000	1	[0 0 1 0 0 1 0 0 1 0 0 0 1 1 0 0 1 0 0 0 0 0 0 0 1]
10.000000	1	[0 0 1 1 0 1 0 0 0 0 1 0 1 1 0 0 1 0 0 1 0 0 0 0 1]
8.000000	1	[0 0 1 1 0 1 0 0 0 0 1 0 1 1 0 0 1 0 0 1 0 0 0 0 0]
0.000000	1	[0 1 0 0 0 0 1 1 0 0 0 0 0 0 1 1 0 0 0 0 0 0 0 1 1]
10.000000	1	[0 0 1 0 0 1 0 0 1 0 0 0 1 1 0 0 1 0 0 0 0 0 1 0 1]
-10.000000	1	[1 0 0 0 0 0 0 0 1 0 0 1 0 0 0 0 0 0 0 1 0 0 1 0 0]
-8.000000	1	[0 0 0 0 1 0 1 0 0 0 0 0 0 0 1 1 0 0 0 0 0 0 0 1 0]
-4.000000	1	[0 0 1 0 0 1 0 0 0 0 0 0 1 1 0 0 1 0 0 0 0 0 0 0 1]
0.000000	1	[1 0 1 0 0 1 0 0 0 0 0 0 1 1 0 0 1 0 0 0 0 0 0 0 0]
8.000000	2	[1 0 1 0 0 1 0 0 1 0 0 0 1 1 0 0 1 0 0 0 0 0 0 0 0]
16.000000	1	[1 0 1 0 0 1 0 0 1 0 0 0 1 1 0 0 1 1 0 0 0 0 0 0 0]
-2.000000	1	[0 0 1 0 0 1 0 0 0 0 0 0 1 0 0 0 1 0 1 0 0 1 0 0 0]
2.000000	1	[0 0 0 1 0 0 1 0 0 1 0 0 0 0 1 0 0 1 0 0 1 0 0 0 1]
6.000000	1	[0 0 0 1 0 0 1 1 0 0 0 0 0 0 1 1 0 1 0 0 0 0 0 1 1]
6.000000	2	[0 0 0 1 0 0 1 1 1 0 0 0 0 0 1 1 0 0 0 0 0 0 0 1 0]
6.000000	1	[0 0 0 0 0 0 1 1 0 1 0 0 0 0 1 1 0 0 1 0 1 0 0 1 0]
0.000000	1	[0 0 0 1 0 0 1 0 1 0 0 0 0 0 1 0 0 1 0 0 1 0 0 0 1]
-4.000000	1	[0 0 1 0 0 1 0 0 0 0 0 0 1 1 0 0 1 0 0 0 0 0 0 0 1]
12.000000	1	[0 0 1 0 0 1 0 0 1 0 1 0 1 1 0 0 1 0 0 0 0 0 0 0 1]
6.000000	1	[0 0 1 1 0 1 0 0 0 0 1 0 1 1 0 0 1 0 0 0 0 0 0 0 0]
12.000000	1	[0 0 1 0 0 1 0 0 1 0 1 0 1 1 0 0 1 0 0 0 0 0 0 0 0]
6.000000	1	[0 0 0 1 0 0 1 0 1 0 0 0 0 0 1 1 0 1 0 0 1 0 0 1 0]
6.000000	2	[0 0 0 0 1 1 1 1 0 0 0 0 0 0 1 1 0 0 1 0 0 0 0 1 0]
0.000000	1	[0 0 0 1 0 0 1 0 1 0 0 0 0 0 1 0 0 0 0 0 1 0 1 0 0]
0.000000	1	[0 0 0 1 0 0 1 0 0 0 0 0 0 0 1 0 0 1 0 0 1 0 1 0 1]
12.000000	1	[0 0 1 0 0 1 0 0 1 0 0 0 1 1 0 0 1 1 0 0 0 0 0 0 1]
-2.000000	1	[0 0 0 1 0 0 1 0 1 0 0 0 0 0 1 0 0 0 0 0 1 0 0 0 0]
-4.000000	1	[0 0 0 1 0 0 0 0 0 1 0 0 0 0 1 0 0 1 0 0 1 0 0 0 0]
10.000000	1	[0 0 0 0 1 0 1 1 0 0 0 0 0 0 1 1 0 0 1 1 0 0 0 1 0]
8.000000	1	[0 0 0 0 1 0 1 1 0 0 0 1 0 0 1 1 0 0 1 0 0 0 0 1 0]
10.000000	1	[0 0 1 0 0 1 0 0 0 0 0 1 1 1 0 0 1 0 1 0 1 0 0 0 0]
-6.000000	1	[0 0 0 0 1 0 1 1 0 0 0 0 0 0 1 1 0 0 0 0 0 0 0 1 0]
10.000000	1	[1 0 1 0 0 1 0 0 1 0 0 0 1 1 0 0 1 0 0 0 0 0 0 0 1]
6.000000	2	[0 0 0 1 0 0 1 1 0 0 0 0 0 0 1 1 0 0 0 0 1 0 0 1 1]
0.000000	1	[0 0 0 1 0 0 1 0 1 0 0 0 0 0 1 0 0 1 0 0 1 0 0 0 1]
0.000000	1	[0 0 0 1 0 0 1 0 0 0 0 0 0 0 1 0 0 1 0 0 1 0 1 1 0]
-4.000000	1	[0 0 0 1 0 0 1 0 1 0 0 0 0 0 1 0 0 1 0 0 1 0 0 0 0]
16.000000	2	[0 0 1 0 0 1 0 0 1 0 1 0 1 1 0 1 1 0 0 0 0 0 0 0 1]
2.000000	1	[0 0 1 0 0 1 0 0 1 0 0 0 1 0 0 0 1 0 0 0 0 0 0 0 1]
2.000000	1	[0 0 1 0 0 1 0 0 1 0 0 0 1 0 0 0 1 0 0 0 0 0 0 0 1]
16.000000	1	[0 0 0 0 1 0 1 1 0 0 0 1 0 0 1 1 0 1 1 0 0 0 0 1 0]
4.000000	1	[0 1 0 0 0 0 1 1 0 0 0 0 0 0 1 1 0 0 0 0 1 0 0 1 1]
-6.000000	1	[0 0 0 1 0 0 1 0 0 0 0 0 0 0 1 1 0 0 0 0 1 0 0 0 0]
-6.000000	1	[0 0 1 0 1 0 0 0 0 0 0 1 0 0 0 0 0 0 1 0 0 1 0 0 0]
-6.000000	1	[0 0 0 1 0 1 0 1 0 0 0 0 0 0 1 0 1 0 0 0 0 1 0 0 0]
-6.000000	1	[0 1 0 0 0 0 0 1 0 0 0 0 0 0 0 0 0 0 1 0 1 0 0 0 0]
-6.000000	1	[0 0 0 1 0 0 1 1 0 0 0 0 0 0 1 0 0 0 0 0 1 0 0 0 0]
-6.000000	1	[0 1 0 0 0 0 0 1 0 0 0 0 0 0 1 0 0 0 1 0 1 0 0 0 0]
4.000000	1	[0 0 0 1 0 0 1 0 1 0 0 0 0 0 1 1 0 0 0 0 1 0 0 1 0]
-6.000000	1	[0 0 0 0 0 0 1 1 0 0 0 0 0 0 1 0 0 0 0 0 1 0 0 1 0]
-6.000000	1	[0 0 0 0 1 0 1 0 0 0 0 0 0 0 1 0 0 1 0 0 0 0 0 1 0]
-6.000000	1	[0 0 0 0 1 0 0 1 0 0 0 0 0 0 1 1 0 0 0 0 0 0 0 1 0]
0.000000	1	[0 1 0 0 0 0 1 0 0 0 0 0 0 0 1 1 0 0 1 0 1 0 0 1 0]
10.000000	1	[0 0 0 0 0 0 1 0 1 0 0 0 0 0 1 1 0 1 0 1 0 0 0 1 1]
-2.000000	1	[0 0 1 1 0 1 0 0 0 0 0 0 1 1 0 0 1 0 0 0 0 0 0 0 1]
14.000000	1	[1 0 1 0 0 1 0 0 0 0 0 0 1 1 0 0 1 1 0 0 1 0 0 0 0]
14.000000	1	[1 0 1 1 0 1 0 0 0 0 1 0 1 1 0 0 1 0 0 0 0 0 0 0 0]
8.000000	1	[1 0 1 0 0 1 0 0 1 0 0 0 1 1 0 0 1 0 0 0 0 0 0 0 0]
10.000000	2	[0 0 0 1 0 0 1 1 1 0 0 0 0 0 1 1 0 0 0 0 1 0 0 1 0]
6.000000	1	[0 0 0 1 0 0 1 1 0 1 0 0 0 0 1 1 0 0 0 0 1 0 0 1 0]
10.000000	1	[0 0 0 0 0 0 1 1 1 0 0 0 0 0 1 1 0 1 0 0 0 0 1 1 0]
-2.000000	1	[0 0 0 0 1 0 1 1 0 0 0 0 0 0 1 1 0 0 0 0 1 0 0 1 0]
8.000000	1	[0 0 0 1 0 0 1 1 0 0 0 0 0 0 1 1 0 0 1 0 1 0 0 1 0]
-6.000000	1	[0 0 0 0 1 0 1 1 0 0 0 0 0 0 1 1 0 0 0 0 0 0 0 1 0]
4.000000	3	[0 0 0 0 1 0 1 1 0 0 1 0 0 0 1 1 0 0 1 0 0 0 0 1 0]
8.000000	1	[0 0 0 0 0 0 1 1 0 0 0 0 0 0 1 1 0 0 1 0 1 1 0 1 0]
-4.000000	1	[0 0 1 0 0 1 0 0 0 0 0 0 1 1 0 0 1 0 0 0 0 0 0 0 1]
4.000000	1	[0 0 1 0 0 1 0 0 1 0 0 0 1 1 0 0 1 0 0 0 0 0 0 0 0]
14.000000	1	[0 0 1 0 0 1 0 0 0 0 1 0 1 1 0 0 1 0 1 0 1 0 0 0 0]
14.000000	1	[0 0 1 0 0 1 0 0 0 0 1 1 1 1 0 0 1 0 0 1 0 0 0 0 0]
8.000000	1	[0 0 0 0 1 0 1 1 0 0 1 1 0 0 1 1 0 0 0 0 0 0 0 1 0]
-4.000000	1	[0 0 0 1 0 0 1 0 1 0 0 0 0 0 1 0 0 1 0 0 1 0 0 0 0]
6.000000	1	[0 0 0 0 0 0 1 1 0 0 0 0 0 0 1 1 0 1 0 0 1 0 0 1 1]
10.000000	1	[0 0 0 1 0 0 1 1 1 0 0 0 0 0 1 1 0 1 0 0 0 0 0 1 0]
4.000000	1	[0 0 1 0 0 1 0 0 0 0 1 0 1 1 0 0 1 0 0 0 0 0 0 0 1]
4.000000	1	[0 0 1 0 0 1 0 0 1 0 0 0 1 1 0 0 1 0 0 0 0 0 0 0 1]
16.000000	1	[0 0 1 1 0 1 0 0 1 0 1 0 1 1 0 0 1 0 0 0 0 0 0 0 0]
4.000000	1	[0 0 1 0 0 1 0 0 1 0 0 0 1 1 0 0 1 0 0 0 0 0 0 0 1]
6.000000	1	[0 0 0 1 0 0 1 1 0 0 0 0 0 0 1 1 0 0 0 0 1 0 0 1 1]
4.000000	1	[0 0 0 1 0 0 1 1 0 0 0 0 0 0 1 1 0 1 0 0 1 0 0 1 0]
0.000000	1	[0 0 1 0 0 1 0 0 0 0 0 0 1 1 0 0 1 0 1 0 0 0 0 0 0]
0.000000	1	[0 0 1 0 0 1 0 0 0 0 0 0 1 1 0 0 1 0 1 0 0 0 0 0 0]
4.000000	1	[0 0 0 0 1 0 1 0 0 0 1 0 0 1 1 1 0 1 0 0 0 0 0 1 0]
4.000000	1	[0 1 0 0 0 0 1 1 0 0 0 0 0 0 1 1 0 0 0 0 1 0 0 1 1]
18.000000	1	[0 0 0 0 0 0 1 1 0 0 0 0 0 0 1 1 0 1 1 1 1 0 0 1 0]
20.000000	1	[0 0 1 0 0 1 0 1 1 0 1 0 1 1 0 0 1 0 0 0 0 0 0 0 1]
-4.000000	1	[0 0 0 1 1 0 1 0 0 0 0 0 0 0 1 0 0 0 0 0 1 0 0 0 0]
-2.000000	1	[0 0 0 1 0 0 1 0 1 0 0 0 0 0 1 0 0 0 0 1 1 0 0 0 0]
-10.000000	1	[0 0 0 0 1 0 0 1 0 0 1 0 0 0 0 0 0 0 1 0 0 1 0 0 0]
-2.000000	1	[0 0 1 1 0 1 0 0 0 0 0 0 1 1 0 0 1 0 0 0 0 0 0 0 1]
2.000000	1	[0 0 0 0 1 0 1 0 0 0 0 0 0 0 1 1 0 1 1 0 0 0 0 1 0]
4.000000	1	[0 0 0 1 0 1 1 0 0 0 0 0 1 0 0 0 1 0 0 0 0 1 1 0 0]
0.000000	1	[0 0 0 1 0 0 1 0 1 0 0 0 0 0 1 1 0 1 0 0 1 0 0 0 0]
2.000000	1	[0 0 1 1 0 1 0 0 0 0 0 0 1 0 0 0 1 0 0 0 0 0 1 0 1]
12.000000	1	[0 0 1 1 0 1 0 0 1 0 0 0 1 1 0 0 1 0 0 0 0 0 1 0 0]
16.000000	1	[0 0 0 0 1 0 1 1 0 0 0 1 0 0 1 1 0 1 1 0 0 0 0 1 0]
10.000000	1	[0 0 0 1 0 0 1 1 1 0 0 0 0 0 1 1 0 0 0 0 1 0 0 1 0]
0.000000	1	[0 0 0 0 1 0 1 1 0 0 0 0 0 0 1 0 0 1 1 0 1 0 0 0 0]
8.000000	1	[0 0 0 1 0 0 1 1 0 0 0 0 0 0 1 1 0 0 1 0 1 0 0 1 0]
16.000000	1	[0 0 1 1 0 1 0 0 1 0 1 0 1 1 0 0 1 0 0 0 0 0 0 0 1]
-4.000000	1	[0 0 1 0 1 1 0 0 0 0 1 0 0 0 0 0 0 0 1 0 0 0 0 0 0]
4.000000	1	[0 0 1 0 0 1 0 0 1 0 0 0 1 1 0 0 1 0 0 0 0 0 0 0 1]
6.000000	1	[0 0 1 1 0 1 0 0 0 0 1 0 1 1 0 0 1 0 0 0 0 0 0 0 1]
8.000000	1	[1 0 1 0 0 1 0 0 1 0 0 0 1 1 0 0 1 0 0 0 0 0 0 0 0]
4.000000	1	[0 0 0 0 0 0 1 1 1 0 0 0 0 0 1 0 0 1 0 0 1 0 0 1 0]
18.000000	1	[0 0 0 0 0 0 1 1 1 0 0 0 0 0 1 1 0 1 0 1 0 0 0 1 1]
0.000000	1	[0 1 0 0 0 0 1 0 0 0 0 0 0 0 1 1 0 0 0 0 1 0 0 1 1]
-6.000000	1	[0 0 0 1 0 0 1 0 0 0 0 0 0 0 1 0 0 1 0 0 1 0 0 1 0]
18.000000	1	[1 0 1 0 0 1 0 0 1 0 0 1 1 1 0 0 1 0 0 0 0 0 1 0 0]
4.000000	1	[0 0 0 1 0 0 1 0 1 0 0 0 0 0 1 1 0 0 0 0 1 0 0 1 0]
4.000000	1	[0 0 0 1 0 0 1 0 0 0 0 0 0 0 1 1 0 0 1 0 1 0 0 1 0]
-6.000000	1	[0 0 0 1 0 0 1 0 0 0 0 0 0 0 1 0 0 1 0 0 1 0 0 1 0]
12.000000	1	[0 0 0 1 0 0 1 1 0 0 0 0 0 0 1 1 0 1 0 0 1 1 0 1 0]
0.000000	1	[0 0 0 0 1 0 1 1 0 0 0 0 0 0 1 1 0 0 1 0 0 0 0 1 0]
16.000000	1	[0 0 0 0 1 0 1 0 0 0 1 0 0 0 1 1 0 1 1 1 0 0 0 1 0]
10.000000	3	[0 0 0 0 1 0 1 1 0 0 1 0 0 0 1 1 0 1 1 0 0 0 0 1 0]
6.000000	1	[0 0 1 1 0 1 0 0 0 0 1 0 1 1 0 0 1 0 0 0 0 0 0 0 1]
8.000000	1	[1 0 0 0 0 0 1 1 1 0 0 0 0 0 1 1 0 0 0 0 1 0 0 1 0]
0.000000	2	[0 0 0 1 0 0 1 1 0 0 0 0 0 0 1 1 0 0 0 0 1 0 0 1 0]
2.000000	1	[0 0 0 1 0 0 1 0 0 1 0 0 0 0 1 0 0 1 0 0 1 0 0 0 1]
-2.000000	1	[0 0 0 0 0 0 1 0 1 0 0 0 0 0 1 1 0 0 0 0 0 0 1 1 0]
-4.000000	1	[0 0 0 0 1 0 1 0 0 0 0 0 0 0 1 0 0 0 0 0 0 1 0 1 0]
4.000000	1	[0 0 0 1 0 0 1 0 0 0 0 0 0 0 1 1 0 0 1 0 1 0 0 1 0]
6.000000	1	[0 0 0 0 1 0 1 0 0 0 1 0 0 0 1 1 0 1 1 0 0 0 0 1 0]
14.000000	1	[0 0 0 0 0 0 1 1 1 0 0 0 0 0 1 1 0 1 0 0 1 0 0 1 1]
12.000000	1	[0 0 0 1 0 0 1 0 1 0 0 0 0 0 1 1 0 1 0 0 1 0 0 1 1]
4.000000	1	[0 0 1 0 0 1 0 0 1 0 0 0 1 1 0 0 1 0 0 0 0 0 0 0 1]
10.000000	1	[0 0 0 1 0 0 1 0 1 1 0 0 0 0 1 0 0 1 0 0 1 0 0 0 1]
-4.000000	1	[0 0 1 0 0 1 0 0 0 0 0 1 0 0 0 0 1 0 1 0 0 0 0 0 0]
10.000000	1	[0 0 0 1 0 0 1 1 1 0 0 0 0 0 1 1 0 0 0 0 1 0 0 1 0]
0.000000	1	[0 0 0 0 1 0 1 1 0 0 0 0 0 0 1 0 0 1 1 0 1 0 0 0 0]
4.000000	1	[0 0 1 0 0 1 0 0 1 0 0 0 1 1 0 0 1 0 0 0 0 0 0 0 1]
4.000000	1	[0 0 1 0 0 1 0 0 1 0 0 0 1 1 0 0 1 0 0 0 0 0 0 0 1]
4.000000	1	[0 0 0 1 0 0 1 0 1 0 0 0 0 0 1 1 0 0 0 0 1 0 0 1 0]
-2.000000	1	[0 0 0 1 0 0 1 1 0 0 0 0 0 0 1 0 0 0 0 0 1 0 0 0 1]
0.000000	1	[1 0 1 0 0 1 0 0 0 0 0 0 1 0 0 0 1 0 0 0 0 0 0 0 0]
14.000000	1	[0 0 0 0 1 0 1 1 0 0 1 1 0 0 1 1 0 0 1 0 0 0 0 1 0]
22.000000	1	[0 0 1 0 0 1 0 1 1 0 0 0 1 1 0 0 1 1 0 0 0 0 0 0 1]
16.000000	1	[0 0 0 1 0 0 1 1 1 0 0 0 0 0 1 1 0 0 0 0 1 0 0 1 1]
6.000000	1	[0 0 0 0 0 0 1 0 0 1 0 0 0 1 1 1 0 1 0 0 1 0 0 1 0]
12.000000	1	[0 0 0 0 0 0 1 0 1 0 0 1 0 0 1 1 0 0 0 0 1 0 0 1 1]
24.000000	1	[0 0 0 0 1 0 1 1 0 0 0 1 0 0 1 1 0 1 1 0 0 1 0 1 0]
0.000000	1	[0 0 0 1 0 0 1 0 1 0 0 0 0 0 1 0 0 1 0 0 1 0 1 0 0]
16.000000	1	[0 0 0 1 0 0 1 1 1 0 0 0 0 0 1 1 0 0 0 0 1 0 1 1 0]
0.000000	1	[0 0 0 0 0 0 1 1 1 0 0 0 0 0 1 1 0 0 0 0 0 0 0 1 0]
2.000000	1	[0 0 0 1 0 0 1 1 1 0 0 0 0 0 1 0 0 0 0 0 1 0 0 0 0]
0.000000	1	[1 0 1 0 0 1 0 0 1 0 0 0 0 0 0 0 1 0 0 0 0 1 0 0 0]
12.000000	1	[0 0 1 0 0 1 0 0 1 0 1 0 1 1 0 0 1 0 0 0 0 0 0 0 1]
16.000000	1	[0 0 1 0 0 1 0 0 1 0 1 0 1 1 0 1 1 0 0 0 0 0 0 0 1]
-2.000000	1	[0 0 0 1 0 0 1 0 0 1 0 0 0 0 1 0 0 0 0 0 1 0 0 1 0]
-4.000000	1	[0 0 0 1 0 0 1 0 0 0 0 0 0 0 1 1 0 0 0 0 1 0 0 1 0]
26.000000	1	[0 0 0 0 0 0 1 1 0 0 0 1 0 0 1 1 0 1 0 1 1 0 0 1 1]
16.000000	1	[0 0 0 1 0 0 1 1 1 0 0 0 0 0 1 1 0 0 0 0 1 0 0 1 1]
14.000000	1	[0 0 1 0 0 0 1 1 0 0 0 1 0 0 1 1 0 0 1 0 1 0 0 1 0]
12.000000	1	[0 0 0 0 1 0 1 1 0 0 1 0 0 0 1 1 0 0 1 0 0 0 1 1 0]
4.000000	1	[1 0 1 1 0 1 0 0 0 0 0 0 1 1 0 0 1 0 0 0 0 0 0 0 0]
24.000000	1	[0 0 0 0 0 0 1 1 0 1 0 1 0 0 1 1 0 1 1 0 1 0 0 1 0]
2.000000	1	[0 0 0 0 0 0 1 1 1 0 0 0 0 0 1 0 0 0 0 0 1 0 0 1 0]
-2.000000	1	[0 0 1 0 0 1 0 0 0 0 0 0 1 1 0 0 1 0 0 0 0 0 0 1 0]
8.000000	1	[0 0 1 0 0 1 0 0 1 1 0 0 1 0 0 0 1 0 0 0 0 0 1 0 0]
-2.000000	1	[0 0 1 0 0 1 0 1 0 0 0 0 0 0 1 0 1 0 0 0 1 0 0 0 0]
8.000000	1	[0 0 0 0 1 0 1 1 0 0 0 1 0 0 1 1 0 0 1 0 0 0 0 1 0]
0.000000	1	[0 0 1 0 0 1 0 0 0 0 1 0 0 1 0 0 1 0 1 0 0 0 0 0 0]
6.000000	1	[1 0 1 0 0 1 0 0 1 0 0 0 1 0 0 0 1 0 0 0 0 1 0 0 0]
-6.000000	1	[0 0 0 1 0 0 1 0 0 0 1 0 0 0 1 0 0 1 0 0 1 0 0 0 0]
2.000000	1	[0 0 0 1 0 0 1 0 1 0 0 0 0 0 1 0 0 1 0 0 1 0 0 1 0]
16.000000	1	[0 0 0 1 0 0 1 1 1 0 0 0 0 0 1 1 0 0 0 0 1 0 0 1 1]
4.000000	1	[1 0 1 0 0 1 0 1 0 0 0 0 1 0 0 0 1 0 0 0 0 0 0 0 0]
10.000000	2	[0 0 0 1 0 0 1 1 1 0 0 0 0 0 1 1 0 0 0 0 1 0 0 1 0]
4.000000	1	[0 0 0 0 1 0 1 1 0 0 1 0 0 0 1 1 0 0 1 0 0 0 0 1 0]
4.000000	1	[1 0 1 0 0 1 0 0 0 0 0 0 1 1 1 0 1 0 0 0 0 0 0 0 0]
14.000000	1	[0 0 0 1 0 0 1 0 0 0 0 0 0 0 1 1 0 1 1 1 0 0 0 1 0]
8.000000	1	[0 0 1 0 0 1 0 0 0 0 1 0 1 1 0 0 1 0 1 0 0 0 0 0 0]
12.000000	1	[0 0 1 0 0 1 0 0 1 0 1 0 1 1 0 0 1 0 0 0 0 0 0 0 1]
0.000000	1	[0 0 0 1 1 0 1 0 0 0 0 0 0 0 1 0 0 0 1 0 1 0 0 0 0]
6.000000	1	[0 0 0 1 0 0 1 1 1 0 0 0 0 0 1 0 0 0 0 0 1 0 0 1 0]
0.000000	1	[0 0 0 1 0 0 1 1 0 0 0 0 0 0 1 0 0 0 0 0 1 1 0 1 0]
22.000000	1	[0 0 0 0 1 0 1 1 0 0 1 1 0 0 1 1 0 1 1 0 0 0 0 1 0]
0.000000	1	[0 0 0 1 0 1 1 0 0 0 0 0 0 0 1 0 1 0 0 0 1 1 0 0 0]
4.000000	1	[0 0 0 0 1 0 1 1 0 0 0 0 0 0 1 1 0 1 0 0 0 0 1 1 0]
12.000000	1	[0 0 0 0 1 0 1 1 0 0 0 1 0 0 1 1 0 0 1 0 1 0 0 1 0]
22.000000	1	[0 0 0 1 0 0 1 1 1 0 0 0 0 0 1 1 0 1 0 0 1 1 0 1 0]
8.000000	1	[0 0 1 0 0 1 0 0 1 0 1 0 1 0 0 0 1 0 0 0 0 1 0 0 0]
4.000000	1	[1 0 1 0 0 1 0 0 0 0 0 0 1 0 0 0 1 0 0 0 0 0 1 0 0]
-4.000000	1	[0 0 1 1 0 1 0 0 0 0 0 0 1 0 0 0 1 0 0 0 0 0 0 0 1]
-2.000000	1	[0 0 0 1 0 0 1 0 1 0 0 0 0 0 1 0 0 0 0 0 1 0 0 0 0]
0.000000	1	[0 0 0 1 0 0 1 0 0 0 0 0 0 0 1 0 0 1 0 0 1 0 0 1 1]
16.000000	1	[0 1 1 0 0 1 0 0 1 1 1 0 1 0 0 0 1 0 0 0 0 0 0 0 1]
2.000000	1	[0 0 0 1 0 0 1 0 1 0 0 0 0 0 1 0 0 0 0 0 1 0 0 0 1]
6.000000	1	[0 0 0 1 0 0 1 0 1 0 0 0 0 0 1 1 0 1 0 0 1 0 0 1 0]
6.000000	1	[1 0 1 0 0 1 0 0 0 1 0 0 1 1 0 0 1 0 0 0 0 0 1 0 0]
-2.000000	1	[0 0 0 1 0 0 1 0 0 0 0 0 0 0 1 1 0 1 0 0 1 0 1 0 0]
18.000000	1	[0 0 0 0 1 0 1 1 0 0 0 1 0 0 1 1 0 0 1 1 0 0 0 1 0]
20.000000	1	[0 0 0 0 0 0 1 1 0 0 0 0 0 0 1 1 0 1 0 1 0 0 1 1 1]
10.000000	1	[0 1 0 0 0 0 1 1 1 0 0 0 0 0 1 0 0 0 0 0 1 0 1 1 0]
6.000000	1	[0 1 0 0 0 0 1 1 1 0 0 0 0 0 1 0 0 0 0 0 1 0 1 0 0]
4.000000	1	[0 0 0 1 1 0 1 1 0 0 0 0 0 0 1 1 0 1 0 0 0 0 0 1 0]
2.000000	1	[0 0 0 1 0 0 1 1 0 0 0 0 0 0 1 0 0 0 1 0 1 0 0 1 0]
6.000000	1	[0 0 0 1 1 0 1 0 0 1 0 0 0 0 1 1 0 1 0 0 0 0 0 1 0]
4.000000	1	[0 0 0 0 1 0 1 1 0 0 1 0 0 0 1 1 0 0 1 0 0 0 0 1 0]
8.000000	1	[0 0 0 1 0 0 1 1 0 0 0 0 0 0 1 1 0 0 1 0 1 0 0 1 0]
-2.000000	1	[0 0 0 1 0 0 1 0 1 0 0 0 0 0 1 0 0 0 0 0 1 0 0 0 0]
2.000000	1	[0 0 0 0 1 0 1 0 0 0 1 0 0 0 1 1 0 0 1 0 0 0 0 1 0]
8.000000	1	[0 0 1 0 0 1 0 0 1 0 0 0 1 1 0 0 1 0 0 0 0 0 1 0 0]
-2.000000	1	[0 0 1 1 0 1 0 0 0 0 0 0 1 1 0 0 1 0 0 0 0 0 0 0 1]
