energy	num_occurrences	sample
-10.000000	1	[0 0 0 1 0 1 0 0 0 0 0 0 1 0 0 0 0 0 0 1 0 1 0 0 0]
-10.000000	80	[0 0 1 0 0 1 0 0 0 0 0 0 0 1 0 0 1 0 0 0 0 0 0 0 1]
-6.000000	103	[0 0 1 0 1 1 0 0 0 0 0 0 0 1 0 0 1 0 0 0 0 0 0 0 1]
-6.000000	36	[0 0 1 0 0 1 0 0 0 0 0 0 0 1 0 0 1 0 0 0 0 0 0 1 1]
-6.000000	3	[0 0 1 0 0 1 0 1 0 0 0 0 0 1 0 0 1 0 0 0 0 0 0 0 1]
-6.000000	39	[0 0 1 0 1 1 0 0 0 0 0 0 0 1 0 0 1 0 0 0 0 0 0 0 1]
-2.000000	52	[0 0 1 0 1 1 0 0 0 0 0 0 0 1 0 0 1 0 0 0 0 0 0 1 1]
-6.000000	9	[0 0 1 0 0 1 0 0 0 0 0 1 0 1 0 0 1 0 0 0 0 0 0 0 1]
-6.000000	19	[0 0 1 0 0 1 0 0 0 0 0 0 0 1 0 0 1 0 1 0 0 0 0 0 1]
-6.000000	4	[0 0 1 0 1 1 0 0 0 0 0 0 0 1 0 0 1 0 0 0 0 0 0 0 1]
-2.000000	2	[0 0 1 0 1 1 0 1 0 0 0 0 0 1 0 0 1 0 0 0 0 0 0 0 1]
-4.000000	12	[0 0 1 0 0 1 0 0 0 0 1 0 0 1 0 0 1 0 0 0 0 0 0 0 1]
-2.000000	6	[0 0 1 0 0 1 0 1 0 0 0 0 0 1 0 0 1 0 0 0 0 0 0 1 1]
-2.000000	27	[0 0 1 0 1 1 0 0 0 0 0 0 0 1 0 0 1 0 0 0 0 0 0 1 1]
-2.000000	19	[0 0 1 0 1 1 0 0 0 0 0 1 0 1 0 0 1 0 0 0 0 0 0 0 1]
-4.000000	5	[0 0 1 0 0 1 1 0 0 0 0 0 0 1 0 0 1 0 0 0 0 0 0 0 1]
-6.000000	4	[0 0 1 0 0 1 0 0 0 0 0 1 0 1 0 0 1 0 0 0 0 0 0 0 1]
-6.000000	7	[0 0 1 0 0 1 0 0 0 0 0 0 0 1 0 0 1 0 1 0 0 0 0 0 1]
-2.000000	39	[0 0 1 0 1 1 0 0 0 0 0 0 0 1 0 0 1 0 1 0 0 0 0 0 1]
0.000000	14	[0 0 1 0 1 1 0 0 0 0 1 0 0 1 0 0 1 0 0 0 0 0 0 0 1]
2.000000	2	[0 0 1 0 1 1 0 1 0 0 0 0 0 1 0 0 1 0 0 0 0 0 0 1 1]
-4.000000	3	[0 0 1 0 0 1 0 0 0 0 1 0 0 1 0 0 1 0 0 0 0 0 0 0 1]
-2.000000	7	[0 0 1 0 1 1 0 0 0 0 0 1 0 1 0 0 1 0 0 0 0 0 0 0 1]
-2.000000	5	[0 0 1 0 1 1 0 0 0 0 0 1 0 1 0 0 1 0 0 0 0 0 0 0 1]
0.000000	6	[0 0 1 0 1 1 1 0 0 0 0 0 0 1 0 0 1 0 0 0 0 0 0 0 1]
0.000000	13	[0 0 1 0 0 1 0 0 0 0 1 0 0 1 0 0 1 0 0 0 0 0 0 1 1]
-4.000000	1	[0 0 1 0 0 1 1 0 0 0 0 0 0 1 0 0 1 0 0 0 0 0 0 0 1]
-6.000000	1	[0 0 1 0 0 1 0 0 0 0 0 0 0 1 0 0 1 0 0 1 0 0 0 0 1]
-6.000000	2	[0 0 1 0 0 1 0 0 0 0 0 0 0 1 0 0 1 0 1 0 0 0 0 0 1]
-2.000000	1	[0 0 1 0 0 1 0 1 0 0 0 0 0 1 0 0 1 0 1 0 0 0 0 0 1]
-6.000000	2	[0 0 1 0 1 1 0 0 0 0 0 0 0 1 0 0 1 0 0 0 0 0 0 0 1]
-2.000000	6	[0 0 1 0 1 1 0 0 0 0 0 0 0 1 0 0 1 0 1 0 0 0 0 0 1]
-2.000000	8	[0 0 1 0 1 1 0 0 0 0 0 0 0 1 0 0 1 0 1 0 0 0 0 0 1]
0.000000	2	[0 0 1 0 0 1 1 0 0 0 0 0 0 1 0 0 1 0 0 0 0 0 0 1 1]
0.000000	5	[0 0 1 0 1 1 0 0 0 0 1 0 0 1 0 0 1 0 0 0 0 0 0 0 1]
2.000000	1	[0 0 1 0 1 1 0 1 0 0 0 0 0 1 0 0 1 0 0 0 0 0 0 1 1]
0.000000	3	[0 0 1 0 1 1 0 0 0 0 1 0 0 1 0 0 1 0 0 0 0 0 0 0 1]
-2.000000	11	[0 0 1 0 0 1 0 0 0 0 0 1 0 1 0 0 1 0 1 0 0 0 0 0 1]
-2.000000	1	[0 0 1 0 1 1 0 0 0 0 0 1 0 1 0 0 1 0 0 0 0 0 0 0 1]
-10.000000	2	[0 0 1 0 0 1 0 0 0 0 0 0 0 1 0 0 1 0 0 0 0 0 0 0 1]
0.000000	3	[0 0 1 0 1 1 1 0 0 0 0 0 0 1 0 0 1 0 0 0 0 0 0 0 1]
4.000000	9	[0 0 1 0 1 1 0 0 0 0 1 0 0 1 0 0 1 0 0 0 0 0 0 1 1]
-10.000000	1	[0 0 1 0 0 1 0 0 0 0 0 0 0 1 0 0 1 0 0 0 0 0 0 0 1]
-2.000000	1	[0 0 1 0 0 1 0 1 0 0 0 0 0 1 0 0 1 0 1 0 0 0 0 0 1]
-2.000000	4	[0 0 1 1 1 1 0 0 0 0 0 0 0 1 0 0 1 0 0 0 0 0 0 0 1]
2.000000	2	[0 0 1 0 1 1 0 1 0 0 0 0 0 1 0 0 1 0 1 0 0 0 0 0 1]
-2.000000	2	[0 0 1 0 1 1 0 0 0 0 0 0 0 1 0 0 1 0 1 0 0 0 0 0 1]
0.000000	1	[0 0 1 0 1 1 1 0 0 0 0 0 0 1 0 0 1 0 0 0 0 0 0 0 1]
-2.000000	1	[0 0 1 0 1 1 0 0 0 0 0 1 0 1 0 0 1 0 0 0 0 0 0 0 1]
-2.000000	4	[0 0 1 0 1 1 0 0 0 0 0 0 0 1 0 0 1 0 1 0 0 0 0 0 1]
-2.000000	3	[0 0 1 0 1 1 0 0 0 0 0 0 0 1 0 0 1 0 1 0 0 0 0 0 1]
0.000000	4	[0 0 1 0 1 1 0 0 0 0 0 0 0 1 0 0 1 0 0 1 0 0 0 0 1]
4.000000	6	[0 0 1 0 1 1 1 0 0 0 0 0 0 1 0 0 1 0 0 0 0 0 0 1 1]
-10.000000	5	[0 0 1 0 0 1 0 0 0 0 0 0 0 1 0 0 1 0 0 0 0 0 0 0 1]
0.000000	3	[0 0 1 0 0 1 0 0 0 0 1 0 0 1 0 0 1 0 1 0 0 0 0 0 1]
0.000000	3	[0 0 1 0 1 1 0 0 0 0 1 0 0 1 0 0 1 0 0 0 0 0 0 0 1]
0.000000	1	[0 0 1 0 0 1 0 0 0 0 0 0 0 1 0 0 1 0 0 0 1 0 0 1 1]
0.000000	1	[0 0 1 0 1 1 0 0 0 0 1 0 0 1 0 0 1 0 0 0 0 0 0 0 1]
2.000000	16	[0 0 1 0 1 1 0 0 0 0 0 1 0 1 0 0 1 0 1 0 0 0 0 0 1]
-6.000000	1	[0 0 1 0 1 1 0 0 0 0 0 0 0 1 0 0 1 0 0 0 0 0 0 0 1]
-6.000000	3	[0 0 1 0 1 1 0 0 0 0 0 0 0 1 0 0 1 0 0 0 0 0 0 0 1]
-2.000000	1	[0 0 1 0 0 1 0 0 0 0 0 1 0 1 0 0 1 0 1 0 0 0 0 0 1]
4.000000	5	[0 0 1 0 1 1 0 0 0 0 1 0 0 1 0 0 1 0 0 0 0 0 0 1 1]
-2.000000	1	[0 0 1 1 1 1 0 0 0 0 0 0 0 1 0 0 1 0 0 0 0 0 0 0 1]
-6.000000	1	[0 0 1 0 1 1 0 0 0 0 0 0 0 1 0 0 1 0 0 0 0 0 0 0 1]
2.000000	1	[0 0 1 0 1 1 0 1 0 0 0 0 0 1 0 0 1 0 1 0 0 0 0 0 1]
-2.000000	1	[0 0 1 0 1 1 0 0 0 0 0 0 0 1 0 0 1 0 1 0 0 0 0 0 1]
0.000000	1	[0 0 1 0 1 1 0 0 0 0 0 0 0 1 0 0 1 0 0 1 0 0 0 0 1]
4.000000	1	[0 0 1 0 1 1 1 0 0 0 0 0 0 1 0 0 1 0 0 0 0 0 0 1 1]
-6.000000	3	[0 0 1 0 1 1 0 0 0 0 0 0 0 1 0 0 1 0 0 0 0 0 0 0 1]
0.000000	2	[0 0 1 0 0 1 0 0 0 0 1 0 0 1 0 0 1 0 1 0 0 0 0 0 1]
4.000000	14	[0 0 1 0 1 1 0 0 0 0 1 0 0 1 0 0 1 0 1 0 0 0 0 0 1]
4.000000	1	[0 0 1 0 1 1 1 0 0 0 0 0 0 1 0 0 1 0 0 0 0 0 0 1 1]
2.000000	3	[0 0 1 0 1 1 0 0 0 0 0 1 0 1 0 0 1 0 1 0 0 0 0 0 1]
2.000000	2	[0 0 1 0 1 1 0 0 0 0 0 1 0 1 0 0 1 0 1 0 0 0 0 0 1]
-6.000000	1	[0 0 1 0 1 1 0 0 0 0 0 0 0 1 0 0 1 0 0 0 0 0 0 0 1]
-6.000000	1	[0 0 1 0 0 1 0 0 0 0 0 0 0 1 0 0 1 0 0 0 0 0 0 1 1]
-6.000000	1	[0 0 1 0 1 1 0 0 0 0 0 0 0 1 0 0 1 0 0 0 0 0 0 0 1]
-2.000000	2	[0 0 1 0 0 1 0 0 0 0 0 1 0 1 0 0 1 0 1 0 0 0 0 0 1]
2.000000	6	[0 0 1 0 1 1 0 0 0 0 0 1 0 1 0 0 1 0 1 0 0 0 0 0 1]
4.000000	1	[0 0 1 0 0 1 0 1 0 0 1 0 0 1 0 0 1 0 0 0 0 0 0 1 1]
6.000000	2	[0 0 1 0 1 1 0 0 0 0 1 1 0 1 0 0 1 0 0 0 0 0 0 0 1]
-6.000000	1	[0 0 1 0 0 1 0 0 0 0 0 0 0 1 0 0 1 0 0 0 0 0 0 1 1]
4.000000	1	[0 0 1 0 1 1 1 0 0 0 0 0 0 1 0 0 1 0 0 0 0 0 0 1 1]
2.000000	1	[0 0 1 0 0 1 0 0 0 0 1 1 0 1 0 0 1 0 0 0 0 0 0 0 1]
0.000000	1	[0 0 1 0 0 1 0 0 0 0 1 0 0 1 0 0 1 0 1 0 0 0 0 0 1]
4.000000	1	[0 0 1 0 1 1 0 0 0 0 1 0 0 1 0 0 1 0 1 0 0 0 0 0 1]
-6.000000	1	[0 0 1 0 1 1 0 0 0 0 0 0 0 1 0 0 1 0 0 0 0 0 0 0 1]
2.000000	1	[0 0 1 0 1 1 0 0 0 0 0 1 0 1 0 0 1 0 1 0 0 0 0 0 1]
4.000000	2	[0 0 1 0 1 1 0 0 0 0 0 1 0 1 0 0 1 0 0 1 0 0 0 0 1]
2.000000	1	[0 0 1 0 1 1 0 0 0 0 0 1 0 1 0 0 1 0 1 0 0 0 0 0 1]
2.000000	2	[0 0 1 0 1 1 0 0 0 0 0 1 0 1 0 0 1 0 1 0 0 0 0 0 1]
-2.000000	3	[0 0 1 0 1 1 0 0 0 0 0 0 0 1 0 0 1 0 0 0 0 0 0 1 1]
-2.000000	1	[0 0 1 0 1 1 0 0 0 0 0 0 0 1 0 0 1 0 0 0 0 0 0 1 1]
-6.000000	1	[0 0 1 0 0 1 0 0 0 0 0 0 0 1 0 0 1 0 1 0 0 0 0 0 1]
-6.000000	1	[0 0 1 0 1 1 0 0 0 0 0 0 0 1 0 0 1 0 0 0 0 0 0 0 1]
-2.000000	1	[0 0 1 0 0 1 0 0 0 0 0 1 0 1 0 0 1 0 1 0 0 0 0 0 1]
2.000000	1	[0 0 1 0 1 1 0 0 0 0 0 1 0 1 0 0 1 0 1 0 0 0 0 0 1]
6.000000	1	[0 0 1 0 1 1 0 0 0 0 1 1 0 1 0 0 1 0 0 0 0 0 0 0 1]
4.000000	1	[0 0 1 0 1 1 0 0 0 0 1 0 0 1 0 0 1 0 1 0 0 0 0 0 1]
2.000000	1	[0 0 1 0 1 1 0 0 0 0 0 1 0 1 0 0 1 0 1 0 0 0 0 0 1]
-4.000000	1	[0 0 1 0 0 1 0 0 0 0 1 0 0 1 0 0 1 0 0 0 0 0 0 0 1]
-4.000000	1	[0 0 1 0 0 1 0 0 0 0 1 0 0 1 0 0 1 0 0 0 0 0 0 0 1]
-2.000000	1	[0 0 1 0 1 1 0 0 0 0 0 0 0 1 0 0 1 0 0 0 0 0 0 1 1]
-2.000000	2	[0 0 1 0 1 1 0 0 0 0 0 0 0 1 0 0 1 0 0 0 0 0 0 1 1]
-2.000000	1	[0 0 1 0 1 1 0 0 0 0 0 0 0 1 0 0 1 0 1 0 0 0 0 0 1]
2.000000	1	[0 0 1 0 1 1 0 0 0 0 0 1 0 1 0 0 1 0 1 0 0 0 0 0 1]
-2.000000	1	[0 0 1 0 1 1 0 0 0 0 0 0 0 1 0 0 1 0 0 0 0 0 0 1 1]
-8.000000	4	[0 0 1 0 0 1 0 0 0 0 0 0 0 1 0 1 0 0 0 0 0 0 0 0 1]
-8.000000	8	[0 0 1 0 0 1 0 0 0 0 0 0 0 1 0 1 1 0 0 0 0 0 0 0 1]
0.000000	1	[0 0 1 0 1 1 0 0 0 0 1 0 0 1 0 0 1 0 0 0 0 0 0 0 1]
4.000000	1	[0 0 1 0 1 1 1 0 0 0 0 0 0 1 0 0 1 0 0 0 0 0 0 1 1]
-2.000000	1	[0 0 1 0 1 1 0 0 0 0 0 0 0 1 0 0 1 0 1 0 0 0 0 0 1]
-4.000000	1	[0 0 1 0 0 1 0 0 0 0 1 0 0 1 0 0 1 0 0 0 0 0 0 0 1]
0.000000	2	[0 0 1 0 1 1 1 0 0 0 0 0 0 1 0 0 1 0 0 0 0 0 0 0 1]
-2.000000	1	[0 0 1 0 1 1 0 0 0 0 0 1 0 1 0 0 1 0 0 0 0 0 0 0 1]
-4.000000	1	[0 0 1 0 0 1 0 0 0 0 1 0 0 1 0 0 1 0 0 0 0 0 0 0 1]
0.000000	1	[0 0 1 0 1 1 0 0 0 0 1 0 0 1 0 0 1 0 0 0 0 0 0 0 1]
-2.000000	2	[0 0 1 0 1 1 0 0 0 0 0 0 0 1 0 0 1 0 1 0 0 0 0 0 1]
0.000000	1	[0 0 1 0 1 1 1 0 0 0 0 0 0 1 0 0 1 0 0 0 0 0 0 0 1]
-4.000000	1	[0 0 1 0 0 1 0 0 0 0 1 0 0 1 0 0 1 0 0 0 0 0 0 0 1]
-6.000000	1	[0 0 1 0 1 1 0 0 0 0 0 0 0 1 0 0 1 0 0 0 0 0 0 0 1]
-6.000000	15	[0 0 1 0 1 1 0 0 0 0 0 0 0 1 0 1 0 0 0 0 0 0 0 0 1]
-2.000000	1	[0 0 1 0 1 1 0 0 0 0 0 1 0 1 0 0 1 0 0 0 0 0 0 0 1]
-4.000000	1	[0 0 1 0 1 1 0 0 0 0 0 0 0 1 0 1 1 0 0 0 0 0 0 0 1]
0.000000	1	[0 0 1 0 1 1 1 0 0 0 0 0 0 1 0 0 1 0 0 0 0 0 0 0 1]
10.000000	3	[0 0 1 0 1 1 0 0 0 0 1 1 0 1 0 0 1 0 1 0 0 0 0 0 1]
-2.000000	1	[0 0 1 0 0 1 0 0 0 0 0 1 0 1 0 0 1 0 1 0 0 0 0 0 1]
-8.000000	1	[0 0 0 0 1 1 1 0 0 0 0 0 0 1 0 1 0 0 0 0 0 0 1 0 0]
-2.000000	1	[0 0 1 0 1 1 0 0 0 0 0 0 0 1 0 0 1 0 1 0 0 0 0 0 1]
-10.000000	1	[0 0 1 0 0 1 0 0 0 0 0 0 0 1 0 0 1 0 0 0 0 0 0 0 1]
-4.000000	2	[0 0 1 0 0 1 0 0 0 0 0 0 0 1 0 1 1 0 0 0 0 0 0 1 1]
-2.000000	1	[0 0 1 0 1 1 0 0 0 0 0 1 0 1 0 0 1 0 0 0 0 0 0 0 1]
-4.000000	1	[0 0 1 0 0 1 1 0 0 0 0 0 0 1 0 0 1 0 0 0 0 0 0 0 1]
-2.000000	1	[0 0 1 0 1 1 0 0 0 0 0 0 0 1 0 0 1 0 0 0 0 0 0 1 1]
-4.000000	1	[0 0 1 0 0 1 0 0 0 0 1 0 0 1 0 0 1 0 0 0 0 0 0 0 1]
-10.000000	1	[0 0 1 0 0 1 0 0 0 0 0 0 0 1 0 0 1 0 0 0 0 0 0 0 1]
-4.000000	3	[0 0 1 0 1 1 0 0 0 0 0 0 0 1 0 1 1 0 0 0 0 0 0 0 1]
-6.000000	5	[0 0 1 0 1 1 0 0 0 0 0 0 0 1 0 1 0 0 0 0 0 0 0 0 1]
-6.000000	1	[0 0 1 0 1 1 0 0 0 0 0 0 0 1 0 0 1 0 0 0 0 0 0 0 1]
0.000000	1	[0 0 1 0 0 1 0 0 0 0 1 0 0 1 0 0 1 0 1 0 0 0 0 0 1]
10.000000	1	[0 0 1 0 1 1 0 0 0 0 1 1 0 1 0 0 1 0 1 0 0 0 0 0 1]
10.000000	2	[0 0 1 0 1 1 0 0 0 0 1 1 0 1 0 0 1 0 1 0 0 0 0 0 1]
-4.000000	1	[0 0 1 0 1 1 0 0 0 0 0 0 0 1 0 1 1 0 0 0 0 0 0 0 1]
0.000000	1	[0 0 1 0 1 1 0 0 0 0 1 0 0 1 0 0 1 0 0 0 0 0 0 0 1]
-6.000000	4	[0 0 1 0 1 1 0 0 0 0 0 0 0 1 0 1 0 0 0 0 0 0 0 0 1]
-4.000000	1	[0 0 1 0 1 1 0 0 0 0 0 0 0 1 0 1 1 0 0 0 0 0 0 0 1]
-4.000000	1	[0 0 1 0 1 1 0 0 0 0 0 0 0 1 0 0 1 0 0 0 0 0 0 1 0]
-6.000000	1	[0 0 1 0 1 1 0 0 0 0 0 0 0 1 0 0 1 0 0 0 0 0 0 0 1]
-2.000000	4	[0 0 1 0 1 1 0 0 0 0 0 0 0 1 0 1 0 0 0 0 0 0 0 1 1]
0.000000	4	[0 0 1 0 1 1 0 0 0 0 0 0 0 1 0 1 1 0 0 0 0 0 0 1 1]
4.000000	1	[0 0 1 0 1 1 1 0 0 0 0 0 0 1 0 0 1 0 0 0 0 0 0 1 1]
0.000000	1	[0 0 1 0 1 1 0 0 0 0 1 0 0 1 0 0 1 0 0 0 0 0 0 0 1]
-2.000000	1	[0 0 1 0 1 1 0 0 0 0 0 0 0 1 0 0 1 0 1 0 0 0 0 0 1]
0.000000	1	[0 0 1 0 0 1 0 0 0 0 1 0 0 1 0 0 1 0 1 0 0 0 0 0 1]
-2.000000	1	[0 0 1 0 1 1 0 0 0 0 0 0 0 1 0 0 1 0 1 0 0 0 0 0 1]
-6.000000	1	[0 0 1 0 0 1 0 0 0 0 0 0 0 1 0 0 1 0 0 0 0 0 0 1 1]
-2.000000	1	[0 0 1 0 0 1 0 0 0 0 0 1 0 1 0 0 1 0 1 0 0 0 0 0 1]
2.000000	1	[0 0 1 0 1 1 0 0 0 0 0 1 0 1 0 0 1 0 1 0 0 0 0 0 1]
-6.000000	1	[0 0 1 0 1 1 0 0 0 0 0 0 0 1 0 0 1 0 0 0 0 0 0 0 1]
-4.000000	5	[0 0 1 0 0 1 0 0 0 0 0 0 1 1 0 1 0 0 0 0 0 0 0 0 1]
-4.000000	1	[0 0 1 0 0 1 0 0 0 0 0 0 1 1 0 0 0 0 0 0 0 0 0 0 1]
0.000000	2	[0 0 1 0 1 1 0 0 0 0 0 0 0 1 0 1 1 0 0 0 0 0 0 1 1]
2.000000	1	[0 0 1 0 1 1 0 0 0 0 0 1 0 1 0 0 1 0 1 0 0 0 0 0 1]
-2.000000	1	[0 0 1 0 1 1 1 0 0 0 0 0 0 1 0 1 0 0 0 0 0 0 0 0 1]
-2.000000	1	[0 0 1 0 1 1 0 0 0 0 0 0 0 1 0 1 0 0 0 0 0 0 0 1 1]
4.000000	1	[0 0 1 0 1 1 0 0 0 0 1 0 0 1 0 0 1 0 1 0 0 0 0 0 1]
-2.000000	1	[0 0 1 0 1 1 0 0 0 0 0 0 0 1 0 1 0 0 0 0 0 0 0 1 1]
-4.000000	1	[0 0 1 0 0 1 1 0 0 0 0 0 0 1 0 1 0 0 0 0 0 0 0 0 1]
4.000000	1	[0 0 1 0 1 1 1 0 0 0 0 0 0 1 0 0 1 0 0 0 0 0 0 1 1]
6.000000	1	[0 0 1 0 0 1 1 0 0 1 0 0 0 1 0 0 1 0 0 0 0 0 0 1 1]
-4.000000	1	[0 0 0 0 1 1 0 0 0 0 0 0 0 1 0 1 0 0 1 0 0 0 1 0 0]
-4.000000	1	[0 0 1 0 1 1 0 0 0 0 0 0 0 1 0 0 1 0 1 0 0 0 0 0 0]
-2.000000	1	[0 0 0 0 1 1 0 0 0 0 0 0 0 1 0 0 1 0 1 0 0 0 0 0 1]
2.000000	1	[0 0 1 0 0 1 0 0 0 0 1 1 0 1 0 0 1 0 0 0 0 0 0 0 1]
-2.000000	1	[0 0 1 0 1 1 0 0 0 0 0 0 0 1 0 0 1 0 1 0 0 0 0 0 1]
0.000000	25	[0 0 1 0 1 1 0 0 0 0 0 0 1 1 0 1 0 0 0 0 0 0 0 0 1]
2.000000	1	[0 0 1 0 1 1 0 0 0 0 0 0 1 1 0 0 1 0 0 0 0 0 0 0 1]
-6.000000	1	[0 0 1 0 1 1 0 0 0 0 0 0 0 1 0 0 1 0 0 0 0 0 0 0 1]
-2.000000	1	[0 0 1 0 1 1 0 0 0 0 0 0 0 1 0 0 1 0 0 0 0 0 0 1 1]
2.000000	1	[0 0 1 0 1 1 0 0 0 0 0 1 0 1 0 0 1 0 1 0 0 0 0 0 1]
-4.000000	1	[0 0 1 0 0 1 0 0 0 0 0 0 1 1 0 1 0 0 0 0 0 0 0 0 1]
2.000000	1	[0 0 1 0 1 1 0 0 0 0 0 1 0 1 0 0 1 0 1 0 0 0 0 0 1]
0.000000	1	[0 0 0 0 0 1 0 0 0 0 1 0 0 1 0 0 1 0 0 0 0 0 0 1 1]
0.000000	6	[0 0 1 0 0 1 0 0 0 0 0 0 1 1 0 1 0 0 0 0 0 0 0 1 1]
2.000000	1	[0 0 1 0 1 1 1 0 0 0 0 0 0 1 0 1 0 0 0 0 0 0 0 1 1]
-2.000000	2	[0 0 1 0 1 1 0 0 0 0 0 0 0 1 0 1 0 0 1 0 0 0 0 0 1]
-2.000000	1	[0 0 1 0 1 1 0 0 0 0 0 0 0 1 0 0 1 0 1 0 0 0 0 0 1]
2.000000	1	[0 0 1 0 1 1 0 0 0 0 0 0 0 1 0 1 1 0 1 0 0 0 0 0 1]
0.000000	9	[0 0 1 0 1 1 0 0 0 0 0 0 1 1 0 1 0 0 0 0 0 0 0 0 1]
0.000000	1	[0 0 1 0 1 1 0 0 0 0 1 0 0 1 0 0 1 0 0 0 0 0 0 0 1]
0.000000	3	[0 0 1 0 1 1 0 0 0 0 0 0 1 1 0 1 0 0 0 0 0 0 0 0 1]
-2.000000	1	[0 0 1 0 0 1 0 0 0 0 0 1 0 1 0 0 1 0 1 0 0 0 0 0 1]
8.000000	1	[0 0 1 0 1 1 0 1 0 0 1 0 0 1 0 0 1 0 0 0 0 0 0 1 1]
0.000000	2	[0 0 1 0 1 1 0 0 0 0 0 0 1 1 0 1 0 0 0 0 0 0 0 0 1]
4.000000	5	[0 0 1 0 1 1 0 0 0 0 0 0 1 1 0 1 0 0 0 0 0 0 0 1 1]
2.000000	1	[0 0 1 0 0 1 1 0 0 0 0 0 1 1 0 1 0 0 0 0 0 0 0 0 1]
0.000000	1	[0 0 1 0 1 1 0 0 0 0 0 0 1 1 0 1 0 0 0 0 0 0 0 0 1]
-2.000000	1	[0 0 1 0 1 1 0 0 0 0 0 1 0 1 0 1 0 0 0 0 0 0 0 0 1]
4.000000	1	[0 0 1 0 1 1 0 0 0 0 0 0 1 1 0 0 0 0 1 0 0 0 0 0 1]
4.000000	1	[0 0 1 0 0 1 0 0 0 0 0 0 0 1 0 1 1 0 0 0 1 0 0 1 1]
-6.000000	1	[0 0 1 0 1 1 0 0 0 0 0 0 0 1 0 1 0 0 0 0 0 0 0 0 1]
4.000000	1	[0 0 1 0 1 1 0 0 0 0 0 0 1 1 0 1 0 0 0 0 0 0 0 1 1]
6.000000	4	[0 0 1 0 1 1 1 0 0 0 0 0 1 1 0 1 0 0 0 0 0 0 0 0 1]
4.000000	2	[0 0 1 0 1 1 0 0 0 0 0 0 1 1 0 1 0 0 0 0 0 0 0 1 1]
-6.000000	1	[0 0 1 0 1 1 0 0 0 0 0 0 0 1 0 1 0 0 0 0 0 0 0 0 1]
-2.000000	1	[0 0 1 0 1 1 0 0 0 0 0 0 0 1 0 0 1 0 1 0 0 0 0 0 1]
-4.000000	1	[0 0 1 0 1 1 0 0 0 0 0 0 0 1 0 1 1 0 0 0 0 0 0 0 1]
6.000000	2	[0 0 1 0 0 1 1 0 0 0 0 0 1 1 0 1 0 0 0 0 0 0 0 1 1]
-6.000000	1	[0 0 1 0 1 1 0 0 0 0 0 0 0 1 0 0 1 0 0 0 0 0 0 0 1]
-4.000000	1	[0 0 1 0 0 1 0 0 0 0 0 0 0 1 0 1 0 0 0 0 0 0 0 1 1]
-10.000000	1	[0 0 1 0 0 1 0 0 0 0 0 0 0 1 0 0 1 0 0 0 0 0 0 0 1]
6.000000	2	[0 0 1 0 1 1 1 0 0 0 0 0 1 1 0 1 0 0 0 0 0 0 0 0 1]
-6.000000	1	[0 0 1 0 0 1 0 1 0 0 0 0 0 1 0 0 1 0 0 0 0 0 0 0 1]
-2.000000	1	[0 0 1 0 1 1 0 0 0 0 0 0 0 1 0 1 0 0 1 0 0 0 0 0 1]
-8.000000	1	[0 0 1 0 0 1 0 0 0 0 0 0 0 1 0 1 1 0 0 0 0 0 0 0 1]
6.000000	5	[0 0 1 0 1 1 0 0 0 0 0 0 1 1 0 1 0 0 1 0 0 0 0 0 1]
4.000000	1	[0 0 1 0 1 1 0 0 0 0 0 0 0 1 0 0 1 0 1 0 0 0 0 1 1]
2.000000	1	[0 0 1 0 1 1 0 0 0 1 0 0 0 1 0 1 1 0 0 0 0 0 0 0 1]
6.000000	1	[0 0 1 0 0 1 1 0 0 0 0 0 1 1 0 1 0 0 0 0 0 0 0 1 1]
-6.000000	1	[0 0 1 0 1 1 0 0 0 0 0 0 0 1 0 0 1 0 0 0 0 0 0 0 1]
2.000000	1	[0 0 1 0 1 1 0 0 0 0 0 1 0 1 0 0 1 0 1 0 0 0 0 0 1]
8.000000	1	[0 0 1 0 1 1 0 0 0 0 0 1 0 1 0 1 1 0 1 0 0 0 0 0 1]
0.000000	1	[1 0 1 0 0 1 0 0 0 0 0 0 0 1 0 0 1 0 1 0 0 0 0 0 1]
-2.000000	1	[0 0 1 0 1 1 0 0 0 0 0 0 0 1 0 0 1 0 0 0 0 0 0 1 1]
-2.000000	1	[0 0 1 0 1 1 0 0 0 0 0 0 0 1 0 0 1 0 0 0 0 0 0 1 1]
6.000000	1	[0 0 1 0 1 1 0 0 0 0 0 1 1 1 0 1 0 0 0 0 0 0 0 0 1]
6.000000	1	[0 0 1 0 1 1 0 0 0 0 0 0 1 1 0 1 0 0 1 0 0 0 0 0 1]
-6.000000	1	[0 0 1 0 0 1 0 0 0 0 0 0 0 1 0 0 1 0 0 0 0 0 0 1 1]
6.000000	1	[0 0 1 0 1 1 0 0 0 0 0 0 1 1 0 1 0 0 0 1 0 0 0 0 1]
-6.000000	1	[0 0 1 0 1 1 0 0 0 0 0 0 0 1 0 1 0 0 0 0 0 0 0 0 1]
8.000000	1	[0 0 1 0 1 1 0 0 0 0 0 1 1 1 0 0 0 0 1 0 0 0 0 0 1]
-8.000000	1	[0 0 1 0 0 1 0 0 0 0 0 0 0 1 0 1 0 0 0 0 0 0 0 0 1]
-6.000000	1	[0 0 1 0 1 1 0 0 0 0 0 0 0 1 0 0 1 0 0 0 0 0 0 0 1]
0.000000	4	[0 0 1 0 1 1 0 0 0 0 0 0 1 1 0 1 0 0 0 0 0 0 0 0 1]
0.000000	1	[0 0 1 0 1 1 0 0 0 0 0 0 1 1 0 1 0 0 0 0 0 0 0 0 1]
0.000000	1	[0 0 1 0 0 1 0 0 0 0 0 0 0 1 0 1 0 0 0 1 1 0 0 0 1]
6.000000	1	[0 0 1 0 1 1 0 0 0 0 0 1 1 1 0 1 0 0 0 0 0 0 0 0 1]
6.000000	1	[0 0 1 0 1 1 0 0 0 0 0 0 1 1 0 1 0 0 1 0 0 0 0 0 1]
6.000000	1	[0 0 1 0 1 1 0 0 0 0 0 0 1 1 0 1 0 0 1 0 0 0 0 0 1]
-4.000000	1	[0 0 1 0 0 1 0 0 0 0 0 0 1 1 0 1 0 0 0 0 0 0 0 0 1]
4.000000	1	[0 0 1 1 1 1 0 0 0 0 0 0 0 1 0 0 1 0 1 0 0 0 0 0 1]
-2.000000	1	[0 0 1 0 1 1 0 0 0 0 0 1 0 1 0 1 0 0 0 0 0 0 0 0 1]
8.000000	2	[0 0 1 0 0 1 0 0 0 0 0 1 1 1 0 1 0 0 1 0 0 0 0 0 1]
2.000000	1	[0 0 1 0 0 1 1 0 0 0 0 0 0 1 0 1 1 0 0 0 0 0 0 1 1]
6.000000	1	[0 0 1 0 1 1 0 0 0 1 0 0 1 1 0 1 0 0 0 0 0 0 0 0 1]
12.000000	2	[0 0 1 0 1 1 0 0 0 0 0 1 1 1 0 1 0 0 1 0 0 0 0 0 1]
6.000000	1	[0 0 1 0 0 1 0 0 0 0 0 1 1 1 0 1 0 0 0 1 0 0 0 0 1]
-2.000000	1	[0 0 1 0 1 1 0 0 0 0 0 1 0 1 0 0 1 0 0 0 0 0 0 0 1]
-2.000000	1	[0 0 1 0 1 1 0 0 0 0 0 0 0 1 0 1 0 0 1 0 0 0 0 0 1]
0.000000	1	[0 0 1 0 1 1 0 0 0 0 0 0 1 1 0 1 0 0 0 0 0 0 0 0 1]
4.000000	1	[0 0 1 0 1 1 0 0 0 0 0 0 1 1 0 1 0 0 0 0 0 0 0 1 1]
-6.000000	1	[0 0 1 0 1 1 0 0 0 0 0 0 0 1 0 1 0 0 0 0 0 0 0 0 1]
-6.000000	1	[0 0 1 0 1 1 0 0 0 0 0 0 0 1 0 0 1 0 0 0 0 0 0 0 1]
2.000000	1	[0 0 1 0 0 1 0 0 0 0 0 0 1 1 0 1 0 0 1 0 0 0 0 0 1]
0.000000	1	[0 0 1 0 1 1 0 0 0 0 0 0 1 1 0 1 0 0 0 0 0 0 0 0 1]
6.000000	1	[0 0 1 0 1 1 0 0 0 0 1 0 1 1 0 0 0 0 0 0 0 0 0 0 1]
2.000000	1	[0 0 1 0 0 1 0 0 0 0 0 0 1 1 0 1 0 0 1 0 0 0 0 0 1]
6.000000	3	[0 0 1 0 1 1 0 0 0 0 0 0 1 1 0 1 0 0 1 0 0 0 0 0 1]
12.000000	1	[0 0 1 0 1 1 0 0 0 0 0 1 1 1 0 1 0 0 1 0 0 0 0 0 1]
12.000000	1	[0 0 1 0 1 1 0 0 0 0 0 1 1 1 0 1 0 0 1 0 0 0 0 0 1]
6.000000	1	[0 0 1 0 1 1 0 0 0 0 0 0 1 1 0 1 0 0 1 0 0 0 0 0 1]
6.000000	1	[0 0 1 0 1 1 0 0 0 0 0 0 1 1 0 1 0 0 1 0 0 0 0 0 1]
2.000000	1	[0 0 1 0 1 1 0 0 0 0 0 1 0 1 0 1 0 0 1 0 0 0 0 0 1]
6.000000	1	[0 0 1 0 1 1 0 0 0 0 0 1 1 1 0 1 0 0 0 0 0 0 0 0 1]
0.000000	1	[0 0 1 0 1 1 0 0 0 0 0 0 1 1 0 1 0 0 0 0 0 0 0 0 1]
6.000000	1	[0 0 1 0 1 1 0 0 0 0 0 1 1 1 0 1 0 0 0 0 0 0 0 0 1]
6.000000	1	[0 0 1 0 1 1 0 0 0 1 0 0 1 1 0 1 0 0 0 0 0 0 0 0 1]
6.000000	1	[0 0 1 0 1 1 0 0 0 0 0 1 1 1 0 1 0 0 0 0 0 0 0 0 1]
4.000000	1	[0 0 1 0 1 1 0 0 0 0 1 0 0 1 0 0 1 0 0 0 0 0 0 1 1]
4.000000	1	[0 0 1 1 0 1 0 0 0 0 0 1 0 1 0 0 1 0 1 0 0 0 0 0 1]
10.000000	1	[0 0 1 0 1 1 1 0 0 0 0 0 1 1 0 1 0 0 0 0 0 0 0 1 1]
6.000000	1	[0 0 1 0 0 1 1 0 0 0 0 0 1 1 0 1 0 0 0 0 0 0 0 1 1]
6.000000	1	[0 0 1 0 1 1 0 0 0 0 0 0 1 1 0 1 0 0 1 0 0 0 0 0 1]
-2.000000	1	[0 0 1 0 1 1 0 0 0 0 0 0 0 1 0 1 0 0 1 0 0 0 0 0 1]
2.000000	1	[0 0 1 0 1 1 0 0 0 0 0 0 0 1 0 1 1 0 1 0 0 0 0 0 1]
6.000000	1	[0 0 1 0 1 1 0 0 0 0 0 0 1 1 0 1 0 0 1 0 0 0 0 0 1]
