energy	num_occurrences	sample
-8.000000	572	[0 0 0 1 0 0 1 0 0 1 0 0 1 0 0 0]
-6.000000	24	[0 0 1 1 0 0 1 0 0 1 0 0 1 0 0 0]
-6.000000	1	[0 0 0 1 0 1 1 0 0 1 0 0 1 0 0 0]
-8.000000	1	[0 0 0 1 0 0 1 0 0 1 0 0 1 0 0 0]
-8.000000	1	[0 0 0 1 0 0 1 0 0 1 0 0 1 0 0 0]
-8.000000	1	[0 0 0 1 0 0 1 0 0 1 0 0 1 0 0 0]
-6.000000	3	[1 0 0 0 0 0 1 0 0 1 0 0 0 0 0 1]
-6.000000	8	[1 0 0 0 0 0 0 1 0 1 0 0 0 0 1 0]
-6.000000	4	[1 0 0 0 0 0 0 1 0 1 0 0 0 0 0 0]
-6.000000	20	[1 0 0 1 0 0 1 0 0 1 0 0 1 0 0 0]
-6.000000	36	[1 0 0 1 0 0 1 0 0 1 0 0 0 1 0 0]
-6.000000	47	[1 0 0 0 0 0 1 1 0 1 0 0 1 0 0 0]
-6.000000	16	[1 0 0 0 0 0 1 0 0 1 0 0 0 1 0 0]
-6.000000	6	[1 0 0 0 0 0 1 0 0 1 0 0 1 0 0 0]
-6.000000	7	[1 0 0 0 0 0 0 1 0 1 0 0 1 0 0 0]
-6.000000	6	[1 0 0 1 0 0 1 0 0 1 0 0 0 0 0 0]
-6.000000	12	[1 0 0 0 0 0 1 1 0 1 0 0 0 0 0 0]
-6.000000	1	[1 0 0 0 0 0 1 0 0 1 0 0 0 0 0 0]
-6.000000	1	[1 0 0 0 0 0 0 1 0 0 0 0 0 0 1 0]
-6.000000	19	[1 1 0 0 0 0 0 1 0 0 0 0 0 0 1 0]
-6.000000	4	[1 0 0 1 0 0 1 0 0 0 0 0 0 1 0 0]
-6.000000	15	[1 0 0 0 0 0 1 0 0 0 0 1 0 1 0 0]
-6.000000	3	[1 0 0 0 0 0 0 0 0 0 0 1 0 1 0 0]
-6.000000	3	[0 0 1 0 0 0 0 1 0 1 0 0 1 0 0 0]
-6.000000	9	[0 0 0 1 0 0 1 0 0 1 0 0 0 0 0 1]
-6.000000	5	[0 0 0 0 0 0 1 0 1 0 0 0 0 0 0 1]
-6.000000	82	[0 0 0 1 0 0 1 0 1 1 0 0 0 0 0 1]
-6.000000	6	[0 0 0 0 0 0 1 0 0 1 0 0 1 0 0 0]
-6.000000	22	[0 0 0 0 0 0 1 0 1 1 0 0 0 0 0 1]
-6.000000	4	[0 0 0 0 0 0 1 0 0 1 0 0 0 0 0 1]
-6.000000	2	[0 0 0 0 0 0 1 1 0 1 0 0 1 0 0 0]
-6.000000	7	[0 0 0 1 0 0 1 0 1 1 0 0 0 0 0 0]
-6.000000	1	[0 0 0 1 0 0 1 0 0 1 0 0 0 0 0 0]
-6.000000	102	[1 0 1 0 0 0 0 0 0 0 0 1 0 1 0 0]
-6.000000	13	[0 0 0 1 0 0 1 0 1 0 0 0 0 0 0 1]
-6.000000	16	[0 1 0 0 0 0 1 0 1 0 0 0 0 0 0 1]
-6.000000	1	[0 1 0 0 0 0 0 0 1 0 0 0 0 0 0 1]
-6.000000	4	[0 0 0 1 0 0 1 0 0 1 0 0 0 1 0 0]
-6.000000	1	[0 0 0 1 0 0 1 0 0 1 0 0 1 1 0 0]
-6.000000	3	[0 0 0 1 0 0 1 1 0 1 0 0 1 0 0 0]
-6.000000	2	[0 1 0 0 0 0 0 1 0 0 0 0 0 0 1 0]
-6.000000	1	[0 0 0 1 0 0 0 0 0 1 0 0 1 0 0 0]
-6.000000	1	[0 0 0 1 0 0 1 0 1 0 0 0 0 0 0 0]
-6.000000	3	[0 0 0 0 0 0 0 1 0 1 0 0 1 0 0 0]
-6.000000	148	[0 1 0 0 0 0 0 1 1 0 0 0 0 0 1 0]
-6.000000	5	[0 1 0 0 0 0 0 1 0 1 0 0 1 0 0 0]
-6.000000	1	[0 0 0 1 0 0 1 0 0 0 0 0 1 1 0 0]
-6.000000	5	[0 0 0 0 0 1 0 0 0 0 0 1 1 0 0 0]
-6.000000	1	[0 0 0 1 0 1 0 0 0 0 0 1 1 0 0 0]
-6.000000	17	[0 0 0 1 0 0 1 0 1 0 0 0 0 1 0 0]
-6.000000	5	[0 1 0 0 0 0 0 1 0 0 0 0 1 0 1 0]
-6.000000	29	[0 1 0 0 0 0 0 1 1 0 0 0 1 0 0 0]
-6.000000	364	[0 0 1 0 0 0 0 0 0 1 0 1 1 0 0 0]
-6.000000	2	[0 0 0 1 0 0 1 0 1 0 0 0 1 0 0 0]
-6.000000	13	[0 1 0 0 0 0 0 1 1 0 0 0 0 0 0 0]
-6.000000	1	[0 0 0 1 0 0 1 0 0 0 0 0 1 0 0 0]
-6.000000	867	[0 0 1 0 1 0 0 0 0 0 0 1 0 1 0 0]
-6.000000	2	[0 0 1 0 0 0 0 0 0 1 0 0 1 0 0 0]
-6.000000	271	[0 0 1 0 1 0 0 0 0 0 0 1 0 0 0 0]
-6.000000	580	[0 0 1 0 1 0 0 0 0 0 0 1 1 0 0 0]
-6.000000	25	[0 0 1 0 0 0 1 0 0 1 0 0 1 0 0 0]
-6.000000	1	[0 0 0 1 0 1 0 0 0 0 1 0 1 0 0 0]
-6.000000	1027	[0 0 1 0 1 0 0 0 0 0 0 1 0 0 0 1]
-6.000000	2	[0 0 1 1 0 0 0 0 0 1 0 0 1 0 0 0]
-6.000000	126	[0 0 1 0 0 0 0 0 0 0 0 1 1 1 0 0]
-6.000000	6	[0 0 1 0 0 0 0 0 0 1 0 0 0 0 0 1]
-6.000000	43	[0 0 1 0 1 0 0 0 0 1 0 0 0 0 0 1]
-6.000000	44	[0 0 1 0 0 0 0 0 0 0 0 1 1 0 0 0]
-6.000000	2	[0 1 0 1 0 0 0 0 0 0 1 0 1 0 0 0]
-6.000000	7	[0 1 0 0 0 0 0 1 0 0 1 0 1 0 0 0]
-6.000000	610	[0 0 1 0 0 1 0 0 0 0 0 1 1 0 0 0]
-6.000000	53	[0 1 0 0 0 0 0 1 1 0 0 0 0 0 0 1]
-6.000000	99	[0 0 1 0 0 0 0 0 0 0 0 1 0 1 0 0]
-6.000000	14	[0 0 1 0 0 0 1 0 0 1 0 0 0 0 0 1]
-6.000000	4	[0 0 1 0 1 0 0 0 0 0 0 0 0 0 0 1]
-6.000000	2	[1 0 0 1 0 0 1 0 0 1 0 0 0 1 0 0]
-6.000000	5	[1 0 0 1 0 0 1 0 0 1 0 0 1 0 0 0]
-6.000000	1	[1 0 0 1 0 0 1 0 0 0 0 0 0 1 0 0]
-4.000000	2	[0 0 0 1 0 0 1 0 0 0 0 0 0 1 0 1]
-6.000000	1	[0 0 0 1 0 0 1 0 1 1 0 0 0 0 0 1]
-6.000000	1	[0 0 0 1 0 0 1 0 1 1 0 0 0 0 0 1]
-4.000000	5	[0 0 0 1 0 0 1 0 0 1 0 0 0 1 0 1]
-4.000000	17	[0 0 0 1 0 0 1 0 1 0 0 0 0 1 0 1]
-4.000000	3	[0 1 0 1 0 0 1 0 1 0 0 0 0 0 0 1]
-6.000000	69	[0 0 1 0 1 0 0 0 0 0 0 1 0 0 0 1]
-6.000000	1	[1 0 0 1 0 0 1 0 0 1 0 0 1 0 0 0]
-4.000000	6	[1 0 0 0 0 1 0 0 0 0 0 1 1 0 0 0]
-4.000000	11	[0 0 1 0 0 0 0 0 0 0 1 1 1 0 0 0]
-6.000000	1	[1 0 0 1 0 0 1 0 0 1 0 0 1 0 0 0]
-4.000000	3	[0 1 0 0 0 0 0 0 1 0 0 0 0 0 1 1]
-6.000000	10	[0 0 1 0 1 0 0 0 0 0 0 1 1 0 0 0]
-4.000000	18	[0 1 0 0 0 0 0 1 1 0 0 0 1 0 1 0]
-6.000000	1	[0 1 0 0 0 0 0 1 1 0 0 0 0 0 1 0]
-6.000000	7	[0 0 1 0 0 1 0 0 0 0 0 1 1 0 0 0]
-4.000000	59	[0 1 0 0 0 0 0 1 1 0 0 0 0 0 1 1]
-4.000000	9	[0 1 0 0 0 0 0 1 1 0 0 0 1 0 1 0]
-6.000000	3	[0 0 1 0 1 0 0 0 0 0 0 1 0 1 0 0]
-4.000000	887	[0 0 1 0 1 1 0 0 0 0 0 1 0 0 0 0]
-4.000000	1951	[0 0 1 0 1 1 0 0 0 0 0 1 1 0 0 0]
-6.000000	5	[0 0 1 0 0 1 0 0 0 0 0 1 1 0 0 0]
-4.000000	121	[0 0 1 0 1 0 0 0 0 0 0 1 0 1 0 1]
-4.000000	1	[0 0 1 0 1 0 0 0 0 0 0 0 0 1 0 1]
-4.000000	1	[1 0 0 1 0 0 1 1 0 1 0 0 0 0 0 0]
-4.000000	2	[1 0 0 1 0 0 1 1 0 1 0 0 1 0 0 0]
-6.000000	3	[0 0 1 0 1 0 0 0 0 0 0 1 0 0 0 1]
-4.000000	1	[1 0 0 0 0 0 1 1 0 1 0 0 0 0 1 0]
-6.000000	1	[1 0 0 0 0 0 1 1 0 1 0 0 1 0 0 0]
-2.000000	4	[1 1 0 0 0 0 1 1 0 0 0 0 0 0 1 0]
-4.000000	1	[1 0 0 1 0 0 1 0 1 1 0 0 0 0 0 0]
-4.000000	28	[1 0 1 0 0 0 0 0 0 1 0 1 1 0 0 0]
-4.000000	40	[1 0 1 0 1 0 0 0 0 0 0 1 0 1 0 0]
-4.000000	2	[1 0 1 0 0 0 0 0 0 1 0 0 1 0 0 0]
-2.000000	40	[1 0 1 0 1 0 0 0 0 0 0 1 1 0 0 0]
-4.000000	4	[1 1 0 0 0 0 0 1 1 0 0 0 0 0 0 0]
-4.000000	43	[1 1 0 0 0 0 0 1 1 0 0 0 0 0 1 0]
-4.000000	3	[1 0 0 1 0 0 1 0 1 0 0 0 0 1 0 0]
-4.000000	1	[1 0 1 0 0 0 1 0 0 1 0 0 1 0 0 0]
-4.000000	20	[1 0 1 0 1 0 0 0 0 0 0 1 0 0 0 0]
-6.000000	4	[0 1 0 0 0 0 0 1 1 0 0 0 0 0 0 1]
-2.000000	22	[1 0 1 0 0 1 0 0 0 0 0 1 1 0 0 0]
-4.000000	1	[1 0 1 0 0 0 1 0 0 1 0 0 0 0 0 1]
-4.000000	4	[1 0 1 0 0 0 0 0 0 0 0 1 1 0 0 0]
-2.000000	39	[1 0 1 0 1 0 0 0 0 0 0 1 0 0 0 1]
-2.000000	29	[0 1 0 0 0 0 1 1 1 0 0 0 0 0 1 0]
-4.000000	8	[1 0 1 0 0 0 0 0 0 0 0 1 1 1 0 0]
-6.000000	3	[1 0 1 0 0 0 0 0 0 0 0 1 0 1 0 0]
-4.000000	2	[0 1 0 0 0 0 0 1 1 0 1 0 1 0 0 0]
-4.000000	1	[0 1 0 0 0 0 0 1 1 0 1 0 0 0 0 0]
-4.000000	3	[0 1 0 0 0 0 1 1 1 0 0 0 1 0 0 0]
-4.000000	1	[0 1 0 0 0 0 1 1 1 0 0 0 0 0 0 0]
-2.000000	12	[0 1 0 0 0 0 0 1 1 0 1 0 0 0 0 1]
-4.000000	7	[0 1 0 0 0 0 1 1 1 0 0 0 0 0 0 1]
-2.000000	3	[0 1 0 1 0 0 0 0 1 0 0 0 0 0 1 1]
-4.000000	8	[0 0 1 0 1 0 0 0 0 0 0 1 0 1 0 1]
-6.000000	1	[1 0 1 0 0 0 0 0 0 0 0 1 0 1 0 0]
-4.000000	3	[0 0 0 1 0 0 1 0 0 1 0 0 1 0 1 0]
-4.000000	2	[0 1 0 0 0 0 1 0 1 1 0 0 0 0 0 1]
-4.000000	1	[0 1 0 0 0 0 0 1 0 1 0 0 1 0 1 0]
-4.000000	11	[0 1 0 0 0 0 0 1 1 1 0 0 0 0 0 1]
-4.000000	6	[0 1 0 0 0 0 0 1 1 1 0 0 1 0 0 0]
-4.000000	1	[0 1 0 0 0 0 0 1 1 0 0 0 0 0 1 1]
-4.000000	3	[0 1 0 0 0 0 0 1 1 1 0 0 0 0 0 0]
-2.000000	6	[0 0 1 0 1 0 0 0 0 0 0 1 0 0 1 0]
-4.000000	1	[0 0 1 1 0 0 1 0 0 1 0 0 0 0 0 0]
-4.000000	3	[0 0 0 0 0 0 1 1 1 1 0 0 0 0 0 1]
-6.000000	3	[0 0 0 1 0 0 1 1 0 1 0 0 1 0 0 0]
-4.000000	3	[0 1 0 0 0 0 1 1 1 0 0 0 0 0 0 1]
-4.000000	29	[0 0 1 0 1 1 0 0 0 0 0 1 1 0 0 0]
-2.000000	5	[1 0 1 0 1 0 0 0 0 0 0 1 0 0 0 1]
-2.000000	1	[0 1 0 1 0 0 0 0 1 0 1 0 0 0 0 1]
-2.000000	1	[0 1 0 1 0 0 0 0 1 0 0 0 0 0 1 1]
-2.000000	1	[1 1 0 0 0 0 1 1 0 1 0 0 1 0 0 0]
-4.000000	1	[1 0 0 1 0 0 1 0 1 1 0 0 0 0 0 0]
-2.000000	1	[1 0 1 0 1 0 0 0 0 0 0 1 1 0 0 0]
-4.000000	5	[1 1 0 0 0 0 0 1 1 0 0 0 0 0 1 0]
-4.000000	2	[1 0 1 0 1 0 0 0 0 0 0 1 0 1 0 0]
-2.000000	1	[1 0 1 0 0 1 0 0 0 0 0 1 1 0 0 0]
-2.000000	2	[1 0 1 0 1 0 0 0 0 0 0 1 0 0 0 1]
0.000000	2	[1 0 1 0 0 0 0 0 0 0 1 1 1 0 0 0]
-4.000000	4	[0 0 1 0 1 1 0 0 0 0 0 1 0 0 0 0]
-4.000000	7	[0 0 1 0 1 1 0 0 0 0 0 1 1 0 0 0]
-2.000000	48	[0 0 1 0 1 1 0 0 0 0 0 1 0 1 0 0]
-4.000000	1	[0 0 1 0 0 0 0 0 0 0 1 1 1 0 0 0]
-2.000000	14	[0 0 1 0 1 0 0 0 0 0 1 1 0 0 0 0]
-2.000000	32	[0 0 1 0 1 0 0 0 0 0 1 1 1 0 0 0]
-4.000000	2	[0 0 1 0 0 0 1 0 1 1 0 0 0 0 0 1]
-2.000000	63	[0 0 1 0 1 1 0 0 0 0 0 1 0 0 0 1]
-4.000000	1	[0 0 1 0 1 0 0 0 0 0 0 1 0 1 0 1]
-2.000000	1	[1 0 1 0 1 0 0 0 0 0 0 1 1 0 0 0]
-4.000000	2	[0 1 0 0 0 0 0 1 1 0 0 0 0 0 1 1]
-4.000000	1	[1 1 0 0 0 0 0 1 1 0 0 0 0 0 1 0]
0.000000	2	[0 1 0 0 0 0 1 1 1 0 0 0 1 0 1 0]
0.000000	9	[0 1 0 0 0 0 1 1 1 0 0 0 0 0 1 1]
-4.000000	1	[0 0 1 0 1 0 0 0 0 0 0 1 0 1 0 1]
-6.000000	1	[0 1 0 0 0 0 0 0 1 0 0 0 0 0 0 1]
-6.000000	2	[0 0 1 0 0 0 0 0 0 1 0 1 1 0 0 0]
-8.000000	1	[0 0 0 1 0 0 1 0 0 1 0 0 1 0 0 0]
-6.000000	6	[0 0 1 0 1 0 0 0 0 0 0 1 1 0 0 0]
-6.000000	10	[0 0 1 0 1 0 0 0 0 0 0 1 0 1 0 0]
-6.000000	1	[0 0 1 0 1 0 0 0 0 1 0 0 0 0 0 1]
-6.000000	8	[0 0 1 0 0 1 0 0 0 0 0 1 1 0 0 0]
-6.000000	6	[0 0 1 0 1 0 0 0 0 0 0 1 0 0 0 1]
-6.000000	4	[0 0 1 0 1 0 0 0 0 0 0 1 1 0 0 0]
-6.000000	2	[0 0 1 0 0 1 0 0 0 0 0 1 1 0 0 0]
-6.000000	1	[0 0 1 0 0 0 0 0 0 0 0 1 1 0 0 0]
-6.000000	1	[0 0 1 0 1 0 0 0 0 0 0 1 0 1 0 0]
-6.000000	3	[0 0 1 0 1 0 0 0 0 0 0 1 0 0 0 0]
-6.000000	2	[0 0 1 0 0 0 0 0 0 0 0 1 1 1 0 0]
0.000000	45	[1 0 1 0 1 1 0 0 0 0 0 1 0 0 0 0]
2.000000	100	[1 0 1 0 1 1 0 0 0 0 0 1 1 0 0 0]
0.000000	1	[0 1 0 0 0 0 1 1 1 0 0 0 1 0 1 0]
0.000000	4	[1 0 1 0 1 0 0 0 0 0 0 1 0 1 0 1]
0.000000	3	[0 1 0 0 0 0 0 1 1 1 0 0 1 0 1 0]
-8.000000	1	[0 0 0 1 0 0 1 0 0 1 0 0 1 0 0 0]
-6.000000	1	[0 0 1 0 1 0 0 0 0 0 0 1 0 0 0 0]
-4.000000	1	[0 1 0 0 0 0 0 1 0 1 0 0 1 0 1 0]
-2.000000	2	[0 1 0 0 0 0 0 1 1 1 0 0 0 0 1 0]
-6.000000	2	[0 0 1 0 1 0 0 0 0 0 0 1 1 0 0 0]
-6.000000	4	[0 0 1 0 0 1 0 0 0 0 0 1 1 0 0 0]
-6.000000	3	[0 0 1 0 1 0 0 0 0 0 0 1 0 0 0 1]
0.000000	4	[0 1 0 0 0 0 0 1 1 1 0 0 0 0 1 1]
-6.000000	3	[0 0 1 0 0 0 0 0 0 0 0 1 1 1 0 0]
-6.000000	3	[0 0 1 0 1 0 0 0 0 0 0 1 0 1 0 0]
-6.000000	1	[0 0 1 0 0 0 0 0 0 0 0 1 0 1 0 0]
-6.000000	1	[0 0 1 0 0 0 0 0 0 0 0 1 0 1 0 0]
-2.000000	5	[0 0 1 0 1 1 0 0 0 0 0 1 0 0 0 1]
0.000000	17	[0 0 1 0 1 1 0 0 0 0 0 1 0 0 1 0]
0.000000	2	[1 1 0 0 0 0 1 1 1 0 0 0 0 0 1 0]
-2.000000	1	[0 1 0 0 0 0 0 1 1 0 1 0 0 0 0 1]
0.000000	3	[1 1 0 0 0 0 0 1 1 0 1 0 0 0 0 0]
0.000000	1	[0 0 1 0 1 0 0 1 0 1 0 0 0 0 0 1]
-2.000000	1	[1 1 0 0 0 0 1 1 1 0 0 0 0 0 0 0]
-6.000000	1	[0 0 1 0 1 0 0 0 0 0 0 1 0 1 0 0]
-6.000000	1	[0 0 1 0 0 0 0 0 0 1 0 1 1 0 0 0]
0.000000	1	[1 0 1 0 0 0 0 0 0 0 1 1 1 0 0 0]
-6.000000	1	[0 0 1 0 1 0 0 0 0 0 0 1 0 0 0 1]
-6.000000	1	[0 0 1 0 0 0 0 0 0 0 0 1 0 1 0 0]
-6.000000	1	[0 0 1 0 1 0 0 0 0 0 0 1 1 0 0 0]
-4.000000	1	[1 0 0 0 0 0 0 1 0 1 0 0 1 0 1 0]
-6.000000	1	[0 0 1 0 1 0 0 0 0 0 0 1 0 0 0 0]
-6.000000	1	[0 0 1 0 1 0 0 0 0 0 0 1 0 1 0 0]
-6.000000	1	[0 0 1 0 0 1 0 0 0 0 0 1 1 0 0 0]
-6.000000	1	[0 0 1 0 0 1 0 0 0 0 0 1 1 0 0 0]
-6.000000	2	[0 0 1 0 1 0 0 0 0 0 0 1 0 0 0 1]
0.000000	1	[1 0 1 0 1 0 0 0 0 0 0 1 0 1 0 1]
-4.000000	1	[1 0 1 0 0 0 0 1 0 1 0 0 1 0 0 0]
-2.000000	1	[0 1 0 0 0 0 1 1 1 1 0 0 0 0 0 0]
-2.000000	1	[0 1 0 0 0 0 1 1 1 1 0 0 1 0 0 0]
-2.000000	3	[0 1 0 0 0 0 1 1 1 1 0 0 0 0 0 1]
2.000000	1	[0 1 0 0 0 0 0 1 1 1 1 0 0 0 0 1]
2.000000	4	[1 0 1 0 1 1 0 0 0 0 0 1 1 0 0 0]
0.000000	3	[1 0 1 0 1 1 0 0 0 0 0 1 0 0 0 0]
-6.000000	1	[0 0 1 0 1 0 0 0 0 0 0 1 0 1 0 0]
2.000000	63	[0 0 1 0 1 1 0 0 0 0 1 1 0 0 0 0]
-6.000000	1	[0 0 1 0 1 0 0 0 0 0 0 1 1 0 0 0]
-2.000000	3	[0 0 1 0 0 1 0 0 0 0 1 1 1 0 0 0]
2.000000	166	[0 0 1 0 1 1 0 0 0 0 1 1 1 0 0 0]
2.000000	4	[0 0 1 0 1 1 0 0 0 0 0 1 0 1 0 1]
-6.000000	1	[0 0 1 0 1 0 0 0 0 0 0 1 0 0 0 1]
-6.000000	1	[0 0 1 0 1 0 0 0 0 0 0 1 1 0 0 0]
2.000000	2	[1 0 1 0 1 1 0 0 0 0 0 1 1 0 0 0]
-2.000000	1	[0 0 1 0 1 1 0 0 0 0 0 1 0 0 0 1]
-6.000000	1	[0 0 1 0 0 0 0 0 0 0 0 1 0 1 0 0]
-6.000000	1	[0 0 1 0 1 0 0 0 0 0 0 1 0 0 0 1]
-4.000000	12	[0 0 1 0 1 1 0 0 0 0 0 1 1 0 0 0]
-4.000000	9	[0 0 1 0 1 1 0 0 0 0 0 1 0 0 0 0]
-4.000000	1	[0 0 1 0 1 0 0 0 0 0 0 1 0 1 0 1]
-4.000000	3	[0 0 1 0 1 1 0 0 0 0 0 1 0 0 0 0]
-4.000000	5	[0 0 1 0 1 1 0 0 0 0 0 1 1 0 0 0]
2.000000	4	[1 0 1 0 1 1 0 0 0 0 0 1 0 1 0 0]
4.000000	1	[1 0 1 0 1 0 0 0 0 0 1 1 1 0 0 0]
2.000000	1	[1 0 1 0 1 0 0 0 0 0 1 1 0 0 0 0]
4.000000	3	[1 0 1 0 1 1 0 0 0 0 0 1 0 0 0 1]
2.000000	1	[0 1 0 0 0 0 1 1 1 0 1 0 0 0 0 1]
-6.000000	1	[0 0 1 0 1 0 0 0 0 1 0 0 0 0 0 1]
-2.000000	1	[0 1 0 0 0 0 1 1 0 0 1 0 1 0 0 0]
-4.000000	10	[0 0 1 0 1 1 0 0 0 0 0 1 1 0 0 0]
-4.000000	1	[0 0 1 0 1 1 0 0 0 0 0 1 0 0 0 0]
-6.000000	1	[0 0 1 0 1 0 0 0 0 0 0 1 0 0 0 0]
-4.000000	1	[1 0 1 0 0 0 0 0 0 0 0 1 1 1 0 0]
-2.000000	1	[0 0 1 0 1 1 0 0 0 0 0 1 0 0 0 1]
0.000000	1	[0 0 1 0 1 1 0 0 0 0 0 1 0 0 1 0]
-4.000000	1	[1 0 1 0 0 0 0 0 0 1 0 1 1 0 0 0]
-4.000000	2	[0 0 1 0 1 1 0 0 0 0 0 1 0 0 0 0]
-4.000000	1	[0 0 1 0 1 1 0 0 0 0 0 1 1 0 0 0]
-4.000000	1	[0 0 1 0 1 1 0 0 0 0 0 1 0 0 0 0]
-4.000000	4	[0 0 1 0 1 1 0 0 0 0 0 1 1 0 0 0]
-2.000000	1	[1 0 1 0 1 0 0 0 0 0 0 1 0 0 0 1]
0.000000	1	[1 1 0 0 0 0 0 1 1 1 0 0 0 0 1 0]
0.000000	1	[0 1 0 0 0 0 1 1 0 1 0 0 1 0 1 0]
4.000000	1	[0 1 0 0 0 0 1 1 1 1 0 0 0 0 1 1]
2.000000	2	[0 0 1 0 1 1 0 0 0 0 1 1 1 0 0 0]
-4.000000	1	[0 0 1 0 1 1 0 0 0 0 0 1 0 0 0 0]
-6.000000	1	[0 0 1 0 1 0 0 0 0 0 0 1 0 1 0 0]
-4.000000	3	[0 0 1 0 1 1 0 0 0 0 0 1 1 0 0 0]
-4.000000	1	[0 0 1 0 1 1 0 0 0 0 0 1 0 0 0 0]
4.000000	1	[1 0 1 0 1 1 0 0 0 0 0 1 0 0 1 0]
-4.000000	1	[1 0 0 0 0 0 1 0 1 0 0 0 0 1 0 0]
-4.000000	1	[0 0 0 0 1 0 0 0 0 0 0 1 0 0 0 1]
-4.000000	1	[0 0 1 0 1 0 0 0 0 1 0 1 1 0 0 0]
-4.000000	1	[0 0 0 1 1 1 0 0 0 0 0 1 0 0 0 0]
-4.000000	1	[0 0 1 0 1 1 0 0 0 0 0 1 1 0 0 0]
6.000000	5	[0 0 1 0 1 1 0 0 0 0 1 1 0 1 0 0]
-4.000000	1	[0 1 0 1 0 0 0 1 1 0 0 0 1 0 0 0]
-4.000000	1	[0 0 1 0 1 1 0 0 0 0 0 1 1 0 0 0]
-4.000000	1	[0 0 1 0 0 0 1 0 0 1 0 0 0 1 0 1]
-4.000000	1	[0 0 1 0 0 0 0 0 0 1 0 0 1 0 0 1]
-4.000000	1	[0 0 1 0 1 0 0 0 0 0 0 0 0 1 0 0]
-4.000000	1	[0 0 1 0 1 1 0 0 0 0 0 1 1 0 0 0]
-4.000000	1	[0 0 1 0 1 1 0 0 0 0 0 1 1 0 0 0]
-4.000000	2	[0 0 1 0 1 1 0 0 0 0 0 1 0 0 0 0]
-4.000000	1	[0 0 1 0 1 1 0 0 0 0 0 1 0 0 0 0]
-4.000000	1	[0 0 1 0 1 1 0 0 0 0 0 1 1 0 0 0]
-2.000000	1	[0 0 1 0 1 1 0 0 0 0 0 1 0 1 0 0]
-4.000000	1	[0 0 1 0 0 0 1 0 0 1 0 0 1 0 0 1]
8.000000	5	[1 0 1 0 1 1 0 0 0 0 1 1 0 0 0 0]
10.000000	8	[1 0 1 0 1 1 0 0 0 0 1 1 1 0 0 0]
-4.000000	1	[0 0 1 0 1 1 0 0 0 0 0 1 1 0 0 0]
-2.000000	1	[0 0 1 0 1 1 0 0 0 0 0 1 0 1 0 0]
-6.000000	2	[0 0 1 0 1 0 0 0 0 0 0 1 0 1 0 0]
-4.000000	1	[0 1 0 1 0 0 0 1 1 0 0 0 0 0 1 0]
2.000000	1	[1 0 1 0 1 1 0 0 0 0 0 1 1 0 0 0]
2.000000	1	[0 0 1 0 1 1 0 0 0 0 1 1 1 0 0 0]
-6.000000	1	[0 0 1 0 0 1 0 0 0 0 0 1 1 0 0 0]
-4.000000	1	[0 0 1 0 1 1 0 0 0 0 0 1 1 0 0 0]
2.000000	1	[1 0 1 0 1 1 0 0 0 0 0 1 1 0 0 0]
-2.000000	1	[0 0 0 1 0 0 1 0 1 0 0 0 0 0 1 1]
-6.000000	1	[0 0 1 0 1 0 0 0 0 0 0 1 0 1 0 0]
-2.000000	2	[0 0 1 0 0 1 0 0 0 0 0 1 1 0 1 0]
0.000000	1	[1 0 1 0 1 1 0 0 0 0 0 1 0 0 0 0]
-2.000000	2	[0 0 1 1 1 1 0 0 0 0 0 1 1 0 0 0]
2.000000	3	[0 0 1 0 1 1 0 0 0 0 1 1 1 0 0 0]
2.000000	2	[0 0 1 0 1 1 0 0 0 0 1 1 1 0 0 0]
-6.000000	1	[0 0 0 1 0 0 1 1 0 1 0 0 1 0 0 0]
0.000000	1	[0 1 0 1 0 0 1 1 1 0 0 0 0 0 1 0]
2.000000	1	[0 0 1 0 1 1 0 0 0 0 1 1 0 0 0 0]
2.000000	3	[0 0 1 0 1 1 0 0 0 0 1 1 1 0 0 0]
-2.000000	1	[1 0 0 1 0 0 1 0 0 1 0 0 1 0 1 0]
-2.000000	1	[0 0 1 0 0 0 0 1 0 1 0 0 1 0 1 0]
0.000000	1	[0 0 1 0 0 0 0 0 0 1 0 1 1 0 1 0]
-2.000000	1	[0 0 1 0 0 0 0 0 0 0 0 1 1 0 1 0]
0.000000	1	[0 0 1 0 1 0 0 0 0 0 0 1 0 0 1 1]
-2.000000	1	[0 0 0 1 0 0 1 1 1 1 0 0 0 0 0 1]
-4.000000	1	[0 0 1 0 1 1 0 0 0 0 0 1 1 0 0 0]
-2.000000	1	[1 0 0 1 0 0 1 0 1 1 0 0 1 0 0 0]
0.000000	1	[1 1 0 1 0 0 0 1 1 0 0 0 0 0 1 0]
-2.000000	1	[0 1 1 0 0 0 0 0 0 0 0 1 0 1 0 0]
0.000000	1	[0 0 1 0 1 0 0 0 0 0 1 1 0 0 0 1]
0.000000	1	[0 0 1 1 1 1 0 0 0 0 0 0 0 0 0 1]
2.000000	1	[0 0 1 0 1 1 0 0 0 0 1 1 1 0 0 0]
0.000000	1	[1 1 0 0 0 0 0 1 1 0 0 0 1 0 1 0]
-4.000000	1	[0 0 1 0 1 0 0 0 0 0 0 1 0 1 0 1]
-4.000000	1	[0 0 1 0 1 1 0 0 0 0 0 1 0 0 0 0]
2.000000	1	[0 0 1 0 1 1 0 0 0 0 1 1 0 0 0 0]
-4.000000	1	[0 0 1 0 1 1 0 0 0 0 0 1 1 0 0 0]
-4.000000	1	[1 0 0 1 0 0 1 1 0 1 0 0 0 0 0 0]
-4.000000	1	[0 1 0 0 0 0 1 1 1 0 0 0 0 0 0 0]
0.000000	1	[0 0 0 0 0 0 1 1 1 0 0 0 0 0 1 1]
2.000000	1	[0 0 1 0 1 1 0 0 0 0 0 1 1 0 1 0]
0.000000	1	[0 0 1 0 1 0 0 1 0 0 0 1 1 0 0 0]
-6.000000	1	[0 0 1 0 0 1 0 0 0 0 0 1 1 0 0 0]
-6.000000	1	[0 0 1 0 1 0 0 0 0 0 0 1 0 0 0 1]
2.000000	1	[1 0 1 0 0 0 0 0 0 1 0 1 1 0 1 0]
2.000000	2	[1 0 1 0 1 1 0 0 0 0 0 1 1 0 0 0]
-4.000000	1	[0 1 0 0 0 0 0 1 1 0 0 0 1 0 1 0]
-4.000000	1	[0 0 1 0 1 1 0 0 0 0 0 1 1 0 0 0]
2.000000	1	[1 1 0 0 0 0 1 1 1 1 0 0 1 0 0 0]
-4.000000	1	[0 0 1 0 1 1 0 0 0 0 0 1 1 0 0 0]
2.000000	1	[1 0 1 0 0 0 0 0 0 1 0 1 1 0 0 1]
