energy	num_occurrences	sample
-10.000000	3	[0 0 0 1 0 0 1 0 0 0 0 0 0 0 1 0 0 1 0 0 1 0 0 0 0]
-10.000000	196	[0 1 0 0 0 0 0 0 1 0 1 0 0 0 0 0 0 1 0 0 0 0 0 0 1]
-10.000000	3	[0 0 1 0 0 0 0 0 0 1 0 1 0 0 0 0 0 0 1 0 1 0 0 0 0]
-10.000000	67	[0 0 0 1 0 1 0 0 0 0 0 0 1 0 0 0 0 0 0 1 0 1 0 0 0]
-10.000000	31	[0 0 1 0 0 1 0 0 0 0 0 0 0 1 0 0 1 0 0 0 0 0 0 0 1]
-10.000000	167	[0 1 0 0 0 0 0 0 0 1 0 0 1 0 0 1 0 0 0 0 0 0 0 1 0]
-10.000000	73	[1 0 0 0 0 0 0 0 1 0 0 1 0 0 0 0 0 0 0 1 0 0 1 0 0]
-10.000000	30	[0 0 0 0 1 0 1 0 0 0 0 0 0 1 0 1 0 0 0 0 0 0 1 0 0]
-10.000000	376	[0 0 0 0 1 0 0 1 0 0 1 0 0 0 0 0 0 0 1 0 0 1 0 0 0]
-10.000000	58	[1 0 0 0 0 0 0 1 0 0 0 0 0 0 1 0 1 0 0 0 0 0 0 1 0]
-6.000000	8	[0 0 1 0 0 1 0 0 0 0 0 0 0 1 0 0 1 0 0 0 0 1 0 0 1]
-8.000000	32	[0 1 0 0 0 0 0 0 0 1 0 0 1 0 0 1 0 0 0 0 0 0 1 1 0]
-8.000000	45	[1 0 0 0 0 0 0 1 0 0 0 0 0 0 1 0 1 0 0 0 0 1 0 1 0]
-6.000000	3	[0 0 0 1 0 1 0 0 0 0 0 0 1 0 0 0 0 0 0 1 0 1 0 0 1]
-4.000000	2	[0 0 0 1 0 1 0 0 0 0 0 0 1 0 0 0 0 0 0 1 0 1 0 1 0]
-6.000000	7	[0 1 0 0 0 0 0 0 1 0 1 0 0 0 0 0 0 1 0 0 0 0 1 0 1]
-6.000000	1	[0 0 1 0 0 1 0 0 0 0 0 0 0 1 0 0 1 0 0 0 0 1 0 0 1]
-8.000000	1	[0 1 0 0 0 0 0 0 0 1 0 0 1 0 0 1 0 0 0 0 0 0 1 1 0]
-8.000000	1	[1 0 0 0 0 0 0 1 0 0 0 0 0 0 1 0 1 0 0 0 0 1 0 1 0]
-8.000000	1	[0 0 1 1 0 1 0 0 0 0 0 0 1 0 0 0 0 0 0 1 0 1 0 0 0]
-6.000000	1	[0 0 0 1 0 1 0 0 0 0 0 0 1 0 0 0 0 0 0 1 0 1 0 0 1]
-4.000000	2	[0 0 0 1 0 1 0 0 0 0 0 1 1 0 0 0 0 0 0 1 0 1 0 0 0]
-6.000000	2	[1 0 0 1 0 0 0 1 0 0 0 0 0 0 1 0 1 0 0 0 0 0 0 1 0]
-10.000000	2	[1 0 0 0 0 0 0 0 1 0 0 1 0 0 0 0 0 0 0 1 0 0 1 0 0]
-10.000000	3	[0 0 0 0 1 0 0 1 0 0 1 0 0 0 0 0 0 0 1 0 0 1 0 0 0]
-10.000000	2	[0 0 0 1 0 1 0 0 0 0 0 0 1 0 0 0 0 0 0 1 0 1 0 0 0]
-10.000000	1	[0 0 0 1 0 1 0 0 0 0 0 0 1 0 0 0 0 0 0 1 0 1 0 0 0]
-10.000000	1	[0 1 0 0 0 0 0 0 0 1 0 0 1 0 0 1 0 0 0 0 0 0 0 1 0]
-10.000000	1	[0 0 0 0 1 0 0 1 0 0 1 0 0 0 0 0 0 0 1 0 0 1 0 0 0]
-10.000000	1	[1 0 0 0 0 0 0 0 1 0 0 1 0 0 0 0 0 0 0 1 0 0 1 0 0]
-10.000000	1	[0 1 0 0 0 0 0 0 1 0 1 0 0 0 0 0 0 1 0 0 0 0 0 0 1]
-10.000000	1	[0 1 0 0 0 0 0 0 1 0 1 0 0 0 0 0 0 1 0 0 0 0 0 0 1]
-10.000000	1	[0 1 0 0 0 0 0 0 0 1 0 0 1 0 0 1 0 0 0 0 0 0 0 1 0]
-10.000000	1	[1 0 0 0 0 0 0 1 0 0 0 0 0 0 1 0 1 0 0 0 0 0 0 1 0]
-10.000000	1	[0 0 0 0 1 0 0 1 0 0 1 0 0 0 0 0 0 0 1 0 0 1 0 0 0]
-6.000000	1	[0 0 0 1 0 1 1 0 0 0 0 0 0 0 1 0 0 1 0 0 1 0 0 0 0]
-2.000000	1	[0 0 1 0 0 1 0 0 0 0 0 0 0 1 0 0 1 0 0 1 0 1 0 0 1]
-10.000000	1	[1 0 0 0 0 0 0 0 1 0 0 1 0 0 0 0 0 0 0 1 0 0 1 0 0]
-10.000000	1	[0 0 0 0 1 0 0 1 0 0 1 0 0 0 0 0 0 0 1 0 0 1 0 0 0]
-6.000000	10	[0 0 1 0 1 0 0 1 0 0 1 0 0 0 0 0 0 0 1 0 0 1 0 0 0]
-10.000000	1	[0 0 0 0 1 0 0 1 0 0 1 0 0 0 0 0 0 0 1 0 0 1 0 0 0]
-6.000000	1	[0 0 0 0 1 0 0 1 0 0 1 0 0 0 0 0 0 0 1 0 1 1 0 0 0]
-10.000000	1	[0 1 0 0 0 0 0 0 1 0 1 0 0 0 0 0 0 1 0 0 0 0 0 0 1]
-10.000000	1	[0 1 0 0 0 0 0 0 1 0 1 0 0 0 0 0 0 1 0 0 0 0 0 0 1]
-10.000000	2	[0 0 0 0 1 0 0 1 0 0 1 0 0 0 0 0 0 0 1 0 0 1 0 0 0]
-10.000000	1	[0 0 0 0 1 0 0 1 0 0 1 0 0 0 0 0 0 0 1 0 0 1 0 0 0]
-8.000000	1	[1 0 0 0 0 0 0 1 0 0 0 0 0 0 1 0 1 0 0 0 0 1 0 1 0]
-8.000000	4	[0 0 0 0 1 1 0 1 0 0 1 0 0 0 0 0 0 0 1 0 0 1 0 0 0]
-6.000000	1	[0 0 1 0 1 0 0 1 0 0 1 0 0 0 0 0 0 0 1 0 0 1 0 0 0]
-8.000000	1	[0 0 1 0 0 0 0 0 0 0 0 1 0 0 0 0 0 0 0 1 1 0 0 0 0]
-8.000000	1	[0 1 0 0 0 0 0 0 0 1 0 0 1 0 0 1 0 0 0 0 0 0 0 0 0]
-8.000000	2	[0 1 0 0 0 0 0 0 1 0 1 0 0 0 0 0 0 1 0 0 0 0 0 0 0]
-8.000000	1	[0 0 1 0 0 0 0 0 0 1 0 1 0 0 0 0 0 0 0 1 1 0 0 0 0]
-8.000000	1	[0 0 0 1 0 0 0 0 0 0 0 0 1 0 0 0 0 0 0 1 0 1 0 0 0]
-8.000000	2	[0 1 0 1 0 0 0 0 1 0 1 0 0 0 0 0 0 1 0 0 0 0 0 0 1]
-8.000000	1	[0 1 0 0 0 0 0 0 0 1 1 0 0 0 0 0 0 0 1 0 0 0 0 0 0]
-8.000000	1	[0 1 0 0 0 0 0 0 0 1 0 1 0 0 0 0 0 0 1 0 1 0 0 0 0]
-8.000000	2	[0 1 0 0 0 0 0 0 0 1 1 0 0 0 0 0 0 0 1 0 1 0 0 0 0]
-8.000000	1	[0 1 0 0 0 0 0 0 1 0 0 0 0 0 0 1 0 0 0 0 0 0 0 0 1]
-8.000000	1	[0 0 1 0 0 0 0 0 0 0 0 0 0 1 0 0 1 0 0 0 0 0 0 0 1]
-8.000000	2	[0 0 0 0 0 0 0 0 1 0 1 0 0 0 0 0 0 1 0 0 0 0 0 0 1]
-8.000000	1	[0 0 1 0 0 0 0 0 0 0 0 0 0 1 0 1 0 0 0 0 0 0 0 0 1]
-8.000000	1	[0 1 0 0 0 0 0 0 0 1 0 0 1 0 0 1 0 0 0 0 0 0 1 0 0]
-8.000000	1	[1 0 0 0 0 0 0 0 0 0 0 1 0 0 0 0 0 0 0 1 0 0 1 0 0]
-8.000000	2	[1 0 0 0 0 0 0 0 1 0 0 1 0 0 0 0 0 0 0 1 0 0 0 0 0]
-8.000000	15	[0 0 1 0 0 0 0 0 0 0 0 0 0 1 0 1 1 0 0 0 0 0 0 0 1]
-8.000000	7	[0 0 0 0 0 0 0 0 1 0 1 0 0 0 0 0 0 0 0 1 0 1 0 0 0]
-8.000000	8	[0 1 0 0 0 0 0 0 1 1 0 0 0 0 0 1 0 0 0 0 0 0 1 0 0]
-8.000000	2	[0 0 0 0 1 0 0 1 0 0 1 0 0 0 0 0 0 0 1 0 0 0 0 0 0]
-8.000000	1	[0 0 0 1 0 1 0 0 0 0 1 0 0 0 0 0 0 0 0 1 0 1 0 0 0]
-8.000000	78	[0 1 0 0 0 0 0 0 1 0 1 0 0 0 0 1 0 0 0 0 0 0 0 0 1]
-8.000000	3	[0 1 0 0 0 0 0 0 0 1 1 0 0 0 0 0 0 0 1 0 0 0 0 1 0]
-8.000000	1	[0 1 1 0 0 0 0 0 0 1 0 0 0 0 0 1 0 0 0 0 0 0 0 1 0]
-8.000000	2	[0 0 0 1 0 1 0 0 0 0 0 0 1 0 0 0 0 0 0 1 0 1 1 0 0]
-8.000000	6	[0 0 1 1 0 1 0 0 0 0 0 0 0 1 0 0 1 0 0 0 0 0 0 0 1]
-8.000000	4	[0 1 0 0 0 0 0 0 1 0 0 0 0 0 0 1 0 0 0 0 0 0 1 0 1]
-8.000000	1	[0 1 0 0 0 0 0 0 0 1 0 0 1 0 1 1 0 0 0 0 0 0 0 1 0]
-8.000000	1	[1 0 0 0 0 0 0 0 1 0 0 1 0 0 0 0 0 0 0 1 0 1 0 0 0]
-8.000000	4	[0 1 0 0 0 0 0 0 0 1 1 0 1 0 0 1 0 0 0 0 0 0 0 1 0]
-8.000000	2	[0 0 1 0 0 1 0 0 0 0 0 0 0 1 0 1 1 0 0 0 0 0 0 0 1]
-8.000000	2	[1 0 0 0 0 0 0 1 0 0 0 0 0 0 1 0 1 0 0 0 0 1 0 0 0]
-8.000000	9	[0 1 0 0 0 0 0 0 0 1 0 0 0 0 1 1 0 0 0 0 0 0 0 1 0]
-8.000000	119	[1 0 0 0 0 0 0 0 1 0 1 0 0 0 0 0 0 0 0 1 0 1 0 0 0]
-8.000000	2	[1 0 0 0 0 0 0 0 1 0 0 0 0 0 0 0 0 0 0 1 0 1 1 0 0]
-8.000000	21	[0 1 0 0 0 0 0 0 0 1 1 0 0 0 0 1 0 0 0 0 0 0 0 1 0]
-8.000000	4	[0 0 0 0 1 0 0 1 0 0 1 0 0 0 0 0 0 0 0 0 0 1 0 0 0]
-8.000000	2	[1 0 0 0 0 0 0 0 1 1 0 1 0 0 0 0 0 0 0 1 0 0 1 0 0]
-8.000000	2	[1 0 0 0 0 0 0 0 0 1 0 0 0 0 1 0 1 0 0 0 0 0 0 1 0]
-8.000000	1	[0 0 0 0 1 0 0 0 0 0 0 0 0 1 0 1 0 0 0 0 0 0 1 0 0]
-8.000000	1	[0 0 0 0 1 1 0 1 0 0 1 0 0 0 0 0 0 0 1 0 0 1 0 0 0]
-8.000000	6	[0 0 0 0 1 0 0 1 0 0 1 0 0 0 0 0 0 0 0 0 0 0 0 1 0]
-8.000000	5	[0 0 0 0 1 0 1 0 0 0 0 0 0 0 1 1 0 0 0 0 0 0 0 1 0]
-8.000000	1	[1 0 0 0 0 0 0 1 0 0 0 0 0 0 1 0 0 0 0 0 0 1 0 1 0]
-8.000000	12	[0 0 0 0 1 0 0 1 0 0 1 0 0 0 0 0 0 0 0 0 0 1 0 1 0]
-8.000000	1	[0 0 0 0 1 0 0 1 0 0 1 0 0 0 0 0 0 0 1 0 0 1 0 1 0]
-8.000000	1	[1 0 0 0 0 0 0 1 0 0 0 0 0 0 1 0 1 0 0 0 0 1 0 1 0]
-4.000000	2	[1 0 1 0 0 0 0 1 0 0 0 0 0 0 1 0 1 0 0 0 0 1 0 1 0]
-6.000000	3	[1 0 1 0 0 0 0 0 0 0 0 0 0 1 0 0 1 0 0 0 0 0 0 0 1]
-8.000000	1	[1 0 0 0 0 0 0 1 0 0 0 0 0 0 1 0 1 0 0 0 0 1 0 0 0]
-8.000000	1	[1 0 0 0 0 0 0 0 1 0 1 0 0 0 0 0 0 0 0 1 0 1 0 0 0]
-6.000000	1	[0 1 0 0 0 0 0 0 1 0 1 0 0 0 0 0 0 1 0 0 0 0 1 0 1]
-6.000000	1	[0 1 0 0 0 0 0 0 1 0 0 0 0 1 0 1 0 0 0 0 0 0 0 0 1]
-8.000000	1	[0 0 0 1 0 1 0 0 0 0 0 0 0 1 0 0 1 0 0 0 0 0 0 0 1]
-6.000000	9	[0 1 0 0 0 0 0 0 1 0 0 0 0 1 0 1 0 0 0 0 0 0 1 0 1]
-6.000000	1	[0 1 0 0 0 0 0 0 1 0 0 0 0 1 0 1 0 0 0 0 0 0 1 0 0]
-10.000000	1	[0 0 0 0 1 0 0 1 0 0 1 0 0 0 0 0 0 0 1 0 0 1 0 0 0]
-4.000000	14	[0 1 0 0 0 0 0 0 1 1 0 0 0 1 0 1 0 0 0 0 0 0 1 0 0]
-10.000000	1	[0 0 0 1 0 1 0 0 0 0 0 0 1 0 0 0 0 0 0 1 0 1 0 0 0]
-8.000000	1	[0 0 0 1 0 1 0 0 0 0 1 0 0 0 0 0 0 0 0 1 0 1 0 0 0]
-6.000000	1	[0 0 0 1 0 1 0 0 1 0 1 0 0 0 0 0 0 0 0 1 0 1 0 0 0]
-10.000000	1	[0 0 0 0 1 0 0 1 0 0 1 0 0 0 0 0 0 0 1 0 0 1 0 0 0]
-8.000000	1	[0 1 0 0 0 0 0 0 1 0 1 0 0 0 0 1 0 0 0 0 0 0 0 0 1]
-6.000000	5	[0 0 0 0 1 0 0 1 0 0 1 0 0 0 0 0 0 0 1 0 0 1 0 0 1]
-6.000000	2	[0 0 0 0 1 0 1 0 0 0 0 0 0 1 0 1 0 0 0 0 0 0 1 0 1]
-6.000000	21	[0 0 0 0 1 0 0 1 0 0 1 0 0 0 0 1 0 0 0 0 0 0 0 1 0]
-10.000000	1	[0 1 0 0 0 0 0 0 0 1 0 0 1 0 0 1 0 0 0 0 0 0 0 1 0]
-10.000000	1	[1 0 0 0 0 0 0 1 0 0 0 0 0 0 1 0 1 0 0 0 0 0 0 1 0]
-6.000000	1	[0 0 0 0 0 0 0 0 1 0 1 0 0 0 0 0 0 1 0 0 0 1 0 0 1]
-8.000000	1	[0 0 1 0 0 1 0 0 0 0 0 0 0 1 0 1 1 0 0 0 0 0 0 0 1]
-6.000000	1	[0 1 0 0 0 0 0 1 0 0 0 0 0 0 1 1 0 0 0 0 0 0 0 1 0]
-4.000000	3	[0 0 1 1 0 1 0 0 0 0 0 0 0 1 0 0 1 0 0 0 0 1 0 0 1]
-6.000000	1	[0 0 0 0 0 0 1 0 0 1 0 0 0 0 1 1 0 0 0 0 0 0 0 1 0]
-4.000000	1	[0 0 0 1 0 1 0 0 0 0 0 0 0 1 0 0 1 0 0 0 0 1 0 0 1]
-4.000000	19	[0 1 0 0 0 0 0 0 1 0 1 0 0 1 0 1 0 0 0 0 0 0 0 0 1]
-6.000000	1	[1 0 0 0 0 0 0 0 0 0 0 0 0 0 1 0 1 0 0 0 0 1 0 1 0]
-6.000000	1	[0 0 0 0 0 0 0 0 0 1 0 0 1 0 0 1 0 0 0 0 0 0 1 1 0]
-6.000000	1	[1 0 0 0 0 0 0 1 0 0 0 0 0 0 1 0 1 0 0 0 0 0 0 1 1]
-6.000000	1	[1 0 1 0 0 0 0 0 1 0 0 1 0 0 0 0 0 0 0 1 0 0 0 0 0]
-6.000000	5	[0 0 0 0 1 0 0 1 0 0 1 0 0 0 0 0 0 0 1 1 0 1 0 0 0]
-4.000000	22	[1 0 1 0 0 0 0 0 1 0 1 0 0 0 0 0 0 0 0 1 0 1 0 0 0]
-6.000000	1	[0 0 0 0 1 0 0 1 0 0 1 0 0 0 0 0 0 0 0 1 0 1 0 0 0]
-6.000000	1	[0 0 1 0 1 0 1 0 0 0 0 0 0 1 0 1 0 0 0 0 0 0 1 0 0]
-6.000000	2	[0 0 0 0 1 0 1 0 0 0 0 0 0 1 1 1 0 0 0 0 0 0 1 0 0]
-6.000000	1	[1 1 0 0 0 0 0 0 1 0 1 0 0 0 0 0 0 1 0 0 0 0 0 0 1]
-4.000000	2	[0 1 0 0 0 0 0 0 1 0 1 0 0 0 0 0 1 0 0 0 0 0 0 0 1]
-2.000000	26	[0 1 0 0 0 0 0 0 1 0 1 0 0 0 0 1 1 0 0 0 0 0 0 0 1]
-4.000000	1	[1 0 0 0 0 0 0 0 1 0 0 1 1 0 0 0 0 0 0 1 0 0 0 0 0]
-4.000000	1	[1 0 0 0 0 0 0 0 1 0 0 1 1 0 0 0 0 0 0 1 0 1 0 0 0]
-6.000000	1	[0 0 0 0 0 0 0 0 1 0 1 0 1 0 0 0 0 0 0 1 0 1 0 0 0]
-6.000000	2	[0 1 0 0 0 0 0 0 0 1 0 0 0 0 1 1 1 0 0 0 0 0 0 1 0]
-4.000000	1	[0 1 0 0 0 0 0 0 0 1 1 0 0 0 0 1 1 0 0 0 0 0 0 1 0]
-4.000000	3	[1 0 0 0 0 0 0 0 1 0 0 1 1 0 0 0 0 0 0 1 0 0 1 0 0]
-8.000000	2	[0 1 0 0 0 0 0 0 0 1 1 0 1 0 0 1 0 0 0 0 0 0 0 1 0]
-4.000000	3	[0 1 0 1 0 0 0 0 0 1 0 0 1 0 0 1 0 0 0 0 0 0 0 1 0]
-4.000000	23	[1 0 0 0 0 0 0 0 1 0 1 0 1 0 0 0 0 0 0 1 0 1 0 0 0]
-6.000000	1	[1 1 0 0 0 0 0 0 0 1 0 0 1 0 0 1 0 0 0 0 0 0 0 1 0]
-4.000000	1	[0 0 0 0 1 0 1 0 0 0 0 0 0 1 0 1 1 0 0 0 0 0 1 0 0]
-4.000000	1	[0 0 0 0 1 0 0 1 0 0 1 0 1 0 0 0 0 0 0 0 0 1 0 0 0]
-4.000000	1	[0 0 0 0 1 0 0 1 0 0 1 0 1 0 0 0 0 0 0 0 0 0 0 1 0]
-4.000000	1	[0 0 0 1 0 0 0 0 0 0 1 0 1 0 0 0 0 0 0 1 0 1 0 0 1]
-6.000000	1	[0 1 0 0 0 0 0 0 0 1 0 0 1 0 0 1 0 0 0 0 0 0 0 1 1]
-8.000000	1	[0 1 0 0 0 0 0 0 0 1 0 0 1 0 0 1 0 0 0 0 0 0 1 1 0]
-6.000000	2	[0 0 0 0 1 0 0 1 0 0 1 0 0 0 0 0 0 0 1 0 0 1 0 0 1]
-8.000000	1	[0 0 0 0 1 0 0 1 0 0 1 0 0 0 0 0 0 0 1 0 0 1 0 1 0]
-2.000000	1	[1 0 1 0 0 0 0 0 0 0 0 0 0 1 0 0 1 0 0 0 0 1 0 0 1]
-4.000000	1	[0 1 0 0 0 0 0 0 0 1 1 0 0 0 0 0 0 0 1 0 1 0 1 0 0]
-8.000000	1	[0 1 0 0 0 0 1 0 0 0 0 0 0 0 1 1 0 0 0 0 0 0 0 1 0]
-6.000000	1	[0 0 1 0 0 0 0 0 0 1 0 0 0 1 0 1 1 0 0 0 0 0 0 0 1]
-4.000000	1	[0 0 1 1 0 1 0 0 0 0 0 0 0 1 0 0 1 0 0 0 0 1 0 0 1]
-4.000000	1	[0 0 1 1 0 1 0 0 0 0 0 0 0 1 0 0 1 0 0 0 0 1 0 0 1]
-6.000000	2	[0 1 0 0 0 0 0 0 1 0 1 0 0 0 0 1 0 0 0 0 0 0 1 0 1]
-4.000000	1	[0 0 1 0 1 0 0 0 0 0 0 0 0 1 0 1 1 0 0 0 0 0 0 0 1]
-4.000000	1	[0 1 0 0 0 0 0 0 0 1 0 0 1 0 1 1 0 0 0 0 0 0 1 1 0]
-6.000000	1	[0 1 0 0 0 0 0 0 0 1 0 0 0 0 1 1 0 0 0 0 0 0 1 1 0]
-6.000000	1	[0 0 0 0 1 0 1 0 0 1 0 0 0 1 0 1 0 0 0 0 0 0 1 0 0]
-4.000000	3	[1 0 0 0 0 0 0 1 0 0 0 0 0 0 1 0 1 0 0 0 0 1 0 0 1]
-8.000000	3	[0 1 0 0 0 0 0 0 1 0 1 0 0 0 0 1 0 1 0 0 0 0 0 0 1]
-4.000000	7	[1 0 1 0 0 0 0 0 1 0 1 0 0 0 0 0 0 0 0 1 0 1 0 0 0]
-4.000000	1	[0 0 1 0 1 0 1 0 0 0 0 0 0 0 1 1 0 0 0 0 0 0 0 1 0]
-6.000000	1	[0 0 0 1 0 1 0 0 1 0 1 0 0 0 0 0 0 0 0 1 0 1 0 0 0]
-10.000000	1	[0 0 0 1 0 1 0 0 0 0 0 0 1 0 0 0 0 0 0 1 0 1 0 0 0]
-4.000000	1	[1 0 1 0 0 0 0 0 1 0 1 0 0 0 0 0 0 0 0 1 0 1 0 0 0]
-6.000000	3	[0 1 0 0 0 0 0 0 0 1 1 1 0 0 0 0 0 0 1 0 0 0 0 0 0]
-2.000000	1	[0 0 1 1 0 1 0 0 0 0 0 1 1 0 0 0 0 0 0 1 0 1 0 0 0]
-6.000000	1	[1 1 0 0 0 0 0 0 1 0 1 0 0 0 0 0 0 1 0 0 0 0 0 0 1]
-2.000000	3	[0 1 0 0 0 0 0 0 1 0 1 0 0 0 0 1 1 0 0 0 0 0 0 0 1]
-8.000000	1	[0 0 0 1 0 1 0 0 0 0 1 0 1 0 0 0 0 0 0 1 0 1 0 0 0]
-6.000000	1	[0 0 0 1 0 0 0 0 1 0 1 0 0 0 0 0 0 0 0 1 0 1 0 0 1]
-6.000000	2	[0 0 0 0 1 0 0 1 0 0 1 1 0 0 0 0 0 0 1 0 0 0 0 0 0]
-4.000000	1	[0 1 0 0 0 0 0 0 0 1 0 0 1 0 0 1 0 0 0 1 0 0 0 1 0]
-6.000000	1	[0 1 0 0 0 0 0 0 1 1 1 0 0 0 0 1 0 0 0 0 0 0 1 0 0]
-2.000000	1	[0 0 0 1 0 1 0 0 0 0 0 0 1 0 0 0 0 0 0 1 0 1 1 0 1]
-6.000000	1	[0 1 0 0 0 0 0 0 1 1 0 0 0 0 0 1 0 0 0 0 0 0 0 1 0]
-4.000000	1	[0 0 0 1 0 1 0 0 0 0 0 0 0 1 0 0 1 0 0 1 0 0 0 0 1]
-4.000000	1	[1 0 0 0 0 0 0 0 1 0 0 1 1 0 0 0 0 0 0 1 0 0 1 0 0]
-6.000000	1	[0 0 0 1 1 0 0 1 0 0 1 0 0 0 0 0 0 0 1 0 0 1 0 0 0]
-6.000000	1	[0 0 0 0 1 0 0 1 0 0 1 0 0 0 0 0 0 0 1 0 0 1 0 0 1]
-6.000000	10	[0 1 0 0 0 0 0 0 1 1 1 0 0 0 0 1 0 0 0 0 0 0 0 1 0]
-6.000000	1	[0 0 0 0 1 0 0 1 0 0 1 1 0 0 0 0 0 0 1 0 0 1 0 0 0]
-4.000000	2	[1 0 0 0 0 0 0 0 1 0 1 0 1 0 0 0 0 0 0 1 0 1 0 0 0]
-4.000000	1	[1 0 0 0 0 0 0 0 1 0 1 0 1 0 0 0 0 0 0 1 0 1 0 0 0]
-4.000000	1	[0 0 0 0 1 0 1 0 0 0 0 0 1 1 0 1 0 0 0 0 0 0 1 0 0]
-4.000000	1	[0 0 0 0 1 0 1 0 0 0 1 0 0 1 0 1 0 0 0 0 0 0 1 0 0]
-4.000000	1	[0 0 1 1 0 1 0 0 0 0 0 0 0 1 0 0 1 0 0 0 0 1 0 0 1]
-8.000000	5	[1 0 0 0 0 0 0 0 1 0 1 0 0 0 0 0 0 0 0 1 0 1 0 0 0]
-10.000000	1	[0 0 0 1 0 1 0 0 0 0 0 0 1 0 0 0 0 0 0 1 0 1 0 0 0]
-8.000000	1	[0 0 1 0 0 0 0 0 0 0 0 0 0 1 0 1 1 0 0 0 0 0 0 0 1]
-8.000000	1	[0 1 0 0 0 0 0 0 1 1 0 0 0 0 0 1 0 0 0 0 0 0 1 0 0]
-8.000000	1	[1 0 0 0 0 0 0 0 1 0 0 1 0 0 0 0 0 0 0 1 0 1 0 0 0]
-8.000000	2	[0 1 0 0 0 0 0 0 0 1 1 0 0 0 0 1 0 0 0 0 0 0 0 1 0]
-10.000000	1	[0 0 0 0 1 0 1 0 0 0 0 0 0 1 0 1 0 0 0 0 0 0 1 0 0]
-2.000000	1	[0 1 0 0 0 0 0 0 1 0 1 0 0 0 0 1 1 0 0 0 0 0 0 0 1]
-2.000000	2	[0 0 0 0 1 0 0 1 0 0 1 0 0 0 0 1 1 0 0 0 0 0 0 1 0]
-2.000000	2	[0 0 0 0 1 0 0 1 0 0 1 0 1 0 0 1 0 0 0 0 0 0 0 1 0]
-4.000000	1	[0 0 1 1 0 1 0 0 0 0 0 0 0 1 0 0 1 0 0 0 0 0 1 0 1]
-2.000000	2	[0 0 1 0 0 0 0 0 1 0 1 0 1 0 0 0 0 0 0 1 0 1 0 0 0]
-4.000000	1	[1 0 1 0 0 0 0 0 1 0 1 0 0 0 0 0 0 0 0 1 0 1 0 0 0]
-10.000000	1	[0 1 0 0 0 0 0 0 1 0 1 0 0 0 0 0 0 1 0 0 0 0 0 0 1]
-8.000000	1	[0 1 0 0 0 0 0 0 0 1 1 0 0 0 0 0 0 0 1 0 1 0 0 0 0]
-8.000000	1	[0 0 1 0 0 0 0 0 0 0 0 0 0 1 0 1 1 0 0 0 0 0 0 0 1]
-10.000000	1	[0 1 0 0 0 0 0 0 0 1 0 0 1 0 0 1 0 0 0 0 0 0 0 1 0]
-10.000000	1	[0 0 0 0 1 0 0 1 0 0 1 0 0 0 0 0 0 0 1 0 0 1 0 0 0]
-6.000000	1	[0 1 0 0 0 0 0 0 0 1 1 0 0 0 0 1 0 0 0 0 0 0 1 1 0]
-6.000000	1	[0 0 0 1 0 1 0 1 0 0 0 0 0 0 1 0 1 0 0 0 0 1 0 0 0]
2.000000	1	[0 1 0 0 0 0 0 0 1 0 1 0 0 1 0 1 1 0 0 0 0 0 0 0 1]
0.000000	1	[0 1 0 0 0 0 0 0 1 0 0 0 0 1 0 1 1 0 0 0 0 0 1 0 1]
-4.000000	1	[0 0 0 0 1 0 0 1 0 0 1 0 0 0 0 0 1 0 0 0 0 1 0 1 0]
-6.000000	1	[0 1 0 0 0 0 0 0 1 1 1 0 0 0 0 1 0 0 0 0 0 0 0 1 0]
-4.000000	3	[0 1 0 0 0 0 0 0 1 0 1 1 0 0 0 1 0 0 0 0 0 0 0 0 1]
-2.000000	1	[0 0 0 0 1 0 0 1 0 0 1 0 0 0 0 1 1 0 0 0 0 0 0 1 0]
2.000000	7	[1 0 1 0 0 0 0 0 1 0 1 0 1 0 0 0 0 0 0 1 0 1 0 0 0]
-4.000000	1	[0 1 0 0 0 0 0 0 1 1 0 0 0 1 0 1 0 0 0 0 0 0 1 0 0]
-4.000000	1	[0 0 1 0 1 1 0 0 0 0 0 0 0 1 0 1 1 0 0 0 0 0 0 0 1]
-8.000000	1	[0 1 0 0 0 0 0 0 1 0 0 0 0 0 0 1 0 0 0 0 0 0 0 0 1]
-10.000000	1	[0 1 0 0 0 0 0 0 0 1 0 0 1 0 0 1 0 0 0 0 0 0 0 1 0]
-10.000000	1	[0 0 0 0 1 0 0 1 0 0 1 0 0 0 0 0 0 0 1 0 0 1 0 0 0]
-10.000000	1	[0 0 0 0 1 0 0 1 0 0 1 0 0 0 0 0 0 0 1 0 0 1 0 0 0]
-8.000000	1	[0 1 0 0 0 0 0 0 1 0 1 0 0 0 0 1 0 0 0 0 0 0 0 0 1]
-4.000000	1	[0 1 0 0 0 0 0 1 1 0 1 0 0 0 0 1 0 0 0 0 0 0 0 0 1]
-4.000000	1	[0 1 0 0 0 0 0 1 0 1 1 0 0 0 0 1 0 0 0 0 0 0 0 1 0]
-4.000000	1	[1 0 0 0 0 0 0 1 0 0 0 0 0 0 1 0 1 0 0 0 1 1 0 0 0]
-10.000000	1	[0 1 0 0 0 0 0 0 0 1 0 0 1 0 0 1 0 0 0 0 0 0 0 1 0]
-4.000000	1	[0 0 0 1 0 1 0 0 1 0 1 0 1 0 0 0 0 0 0 1 0 1 0 0 0]
-4.000000	1	[0 1 0 0 0 0 0 0 0 1 1 0 1 0 0 1 0 0 0 0 0 0 1 1 0]
-6.000000	1	[1 0 0 0 1 0 0 0 1 0 0 1 0 0 0 0 0 0 0 1 0 0 1 0 0]
-4.000000	1	[0 1 1 0 0 0 0 0 1 0 1 0 0 0 0 1 0 0 0 0 0 0 0 0 1]
-4.000000	1	[1 0 1 0 0 0 0 1 0 0 0 0 0 0 1 0 1 0 0 0 0 1 0 0 0]
-6.000000	1	[0 1 0 0 0 0 0 0 0 1 1 0 0 0 1 1 0 0 0 0 0 0 0 1 0]
-2.000000	1	[1 0 0 0 0 0 0 0 1 0 1 0 0 0 0 0 0 0 0 1 1 1 0 0 0]
-6.000000	1	[0 0 0 0 1 0 0 1 0 0 1 0 0 0 1 0 0 0 0 0 0 1 0 1 0]
-8.000000	1	[0 0 1 1 0 1 0 0 0 0 0 0 0 1 0 0 1 0 0 0 0 0 0 0 1]
-8.000000	1	[1 0 0 0 0 0 0 0 1 0 1 0 0 0 0 0 0 0 0 1 0 1 0 0 0]
-8.000000	1	[1 0 0 0 0 0 0 0 1 0 1 0 0 0 0 0 0 0 0 1 0 1 0 0 0]
-8.000000	1	[1 0 0 0 0 0 0 0 1 0 1 0 0 0 0 0 0 0 0 1 0 1 0 0 0]
0.000000	1	[0 1 0 0 0 0 0 0 1 1 1 0 0 0 0 1 1 0 0 0 0 0 0 1 0]
-2.000000	1	[0 1 0 0 0 0 0 0 1 1 1 0 0 0 0 0 1 0 0 0 0 0 0 1 0]
-8.000000	1	[1 0 0 0 0 0 0 0 1 0 1 0 0 0 0 0 0 0 0 1 0 1 0 0 0]
-4.000000	1	[0 1 0 0 0 0 0 0 1 0 1 0 0 1 0 1 0 0 0 0 0 0 0 0 1]
-6.000000	1	[0 0 0 0 0 1 0 1 0 0 1 0 0 0 0 0 0 0 1 0 0 1 0 0 0]
-6.000000	1	[0 0 0 0 1 1 0 1 0 0 1 0 0 0 0 0 0 0 0 0 0 1 0 0 0]
2.000000	1	[1 0 1 0 0 0 0 0 1 0 1 0 1 0 0 0 0 0 0 1 0 1 0 0 0]
-6.000000	1	[0 1 0 0 0 0 0 0 1 0 0 0 0 1 0 1 0 0 0 0 0 0 0 0 1]
2.000000	2	[0 1 0 0 0 0 0 0 1 0 1 1 0 1 0 1 0 0 0 0 0 0 0 0 1]
-6.000000	1	[0 0 1 0 0 0 0 0 0 1 0 1 0 0 0 1 0 0 0 0 0 0 0 0 1]
-6.000000	1	[0 0 0 0 0 0 0 1 0 0 1 0 0 0 0 0 0 0 0 0 0 0 0 0 1]
-6.000000	1	[0 1 0 0 0 0 0 0 0 0 1 0 0 0 0 1 0 0 0 0 0 0 0 0 1]
-6.000000	1	[1 0 0 0 0 0 0 0 1 0 1 0 0 0 0 0 0 1 0 1 0 0 0 0 0]
-6.000000	1	[0 1 0 0 0 0 0 0 0 1 1 0 0 0 0 1 0 0 0 0 0 0 0 0 1]
-6.000000	1	[0 0 1 1 0 0 0 0 0 0 0 0 0 1 0 0 1 0 0 0 0 0 0 0 1]
-6.000000	1	[1 0 0 0 0 0 0 0 1 0 1 1 0 0 0 0 0 0 0 1 0 0 0 0 0]
-6.000000	1	[1 0 0 0 0 0 0 0 0 0 0 0 0 0 1 0 1 0 0 0 0 1 0 0 0]
-6.000000	1	[1 0 0 0 0 0 0 0 1 0 1 0 0 0 0 0 0 1 0 0 0 0 0 0 1]
-6.000000	1	[1 0 0 0 0 0 0 0 1 0 1 0 0 0 0 0 0 0 0 1 0 0 0 0 0]
-6.000000	1	[0 1 0 0 0 0 0 0 1 1 0 0 1 0 0 1 0 0 0 0 0 0 1 0 0]
-6.000000	8	[0 1 0 0 0 0 0 0 1 1 1 0 0 0 0 1 0 0 0 0 0 0 0 0 1]
-6.000000	1	[0 1 0 0 0 0 0 0 0 0 0 0 0 1 0 1 0 0 0 0 0 0 1 0 1]
-6.000000	1	[0 1 0 0 0 0 0 0 1 1 0 0 0 0 0 1 0 0 0 0 0 0 0 0 1]
-6.000000	1	[0 1 0 0 0 0 0 0 0 1 0 0 1 0 0 1 0 0 0 0 0 0 0 1 1]
-6.000000	1	[0 1 0 0 0 0 0 0 1 1 0 0 0 0 0 1 0 0 0 0 0 0 1 0 1]
-6.000000	1	[0 1 0 0 0 0 0 0 1 0 0 0 0 0 1 1 0 0 0 0 0 0 0 1 0]
-6.000000	1	[0 1 0 0 0 0 0 0 0 1 1 0 0 0 1 1 0 0 0 0 0 0 0 1 0]
-6.000000	1	[1 0 0 0 0 0 0 1 0 0 1 0 0 0 1 0 0 0 0 0 0 1 0 0 0]
-6.000000	1	[1 0 0 0 1 0 1 0 0 0 0 0 0 1 0 1 0 0 0 0 0 0 1 0 0]
-6.000000	1	[1 0 0 0 0 0 0 1 1 0 1 0 0 0 0 0 0 0 0 1 0 1 0 0 0]
-6.000000	1	[0 0 0 0 1 0 0 1 0 0 1 0 0 0 0 0 0 0 0 0 0 1 0 0 1]
-6.000000	1	[1 0 0 0 0 0 0 0 0 1 0 0 0 1 0 1 0 0 0 0 0 0 1 0 0]
-6.000000	2	[1 0 0 0 0 0 0 0 1 0 0 0 0 1 0 1 0 0 0 0 0 0 1 0 0]
-6.000000	1	[0 1 0 0 0 0 0 0 1 0 1 0 0 0 0 1 0 0 0 0 0 0 0 1 1]
-4.000000	1	[0 1 0 0 0 0 0 0 1 1 1 0 1 0 0 1 0 0 0 0 0 0 0 1 0]
2.000000	1	[0 1 0 0 0 0 0 1 1 0 1 0 0 1 0 1 0 0 0 0 0 0 0 0 1]
-6.000000	1	[0 0 0 0 1 0 0 1 0 0 1 0 0 0 0 0 0 0 0 0 0 0 0 1 1]
-6.000000	1	[0 0 0 0 1 0 0 1 0 0 1 0 0 0 0 0 0 0 1 1 0 1 0 0 0]
-8.000000	1	[0 0 0 1 0 1 0 0 0 0 1 0 1 0 0 0 0 0 0 1 0 1 0 0 0]
-4.000000	1	[1 0 0 0 0 0 0 0 0 1 1 0 0 0 0 1 0 0 0 0 0 0 0 1 0]
-4.000000	1	[0 0 0 0 1 1 0 1 0 0 1 0 0 0 0 0 0 0 1 0 0 1 0 0 1]
-4.000000	1	[0 1 0 0 0 0 0 0 0 1 0 0 1 1 0 1 0 0 0 0 0 0 0 1 0]
-2.000000	1	[0 1 0 0 0 0 0 0 1 1 0 0 0 1 0 1 0 0 0 0 0 0 1 0 1]
-4.000000	4	[1 0 0 0 0 0 0 0 1 1 0 0 0 1 0 1 0 0 0 0 0 0 1 0 0]
-4.000000	1	[0 0 1 1 0 1 0 0 0 0 0 0 0 1 1 0 1 0 0 0 0 0 0 0 1]
-4.000000	1	[0 0 0 0 1 0 0 0 0 1 0 0 0 0 1 1 0 0 0 0 0 0 0 1 0]
-6.000000	1	[0 1 0 0 0 0 0 0 1 1 1 0 0 0 0 0 0 0 0 0 0 0 0 0 1]
-6.000000	2	[0 1 0 0 0 0 0 0 1 1 1 0 0 0 0 1 0 0 0 0 0 0 0 0 1]
-4.000000	1	[0 0 0 0 1 0 0 1 0 0 1 0 0 0 0 1 0 0 0 0 0 0 0 0 1]
-4.000000	2	[0 0 0 0 1 0 0 1 0 0 1 0 0 0 0 1 0 0 0 0 0 0 0 1 1]
2.000000	1	[0 1 1 0 0 0 0 0 1 0 1 0 0 0 0 1 1 0 0 0 0 0 0 0 1]
-4.000000	4	[0 0 1 0 0 0 0 0 1 0 1 1 0 0 0 0 0 0 0 1 0 0 0 0 1]
-2.000000	1	[0 1 0 0 0 0 0 0 1 1 0 0 0 1 0 1 0 0 0 0 0 0 1 0 1]
-4.000000	1	[0 0 1 1 0 0 0 0 0 0 0 0 0 1 0 1 1 0 0 0 0 0 0 0 1]
-2.000000	1	[0 0 0 0 0 0 0 1 0 0 0 0 0 0 1 0 1 0 1 0 1 1 0 0 0]
-4.000000	1	[0 0 0 0 1 0 0 1 1 0 1 0 0 0 0 0 0 0 0 0 0 0 0 1 0]
0.000000	1	[0 1 0 0 0 0 0 0 1 1 1 0 0 1 0 1 0 0 0 0 0 0 0 0 1]
-6.000000	1	[0 1 0 0 0 0 0 0 1 1 1 0 0 0 0 0 0 1 0 0 0 0 0 0 0]
-4.000000	1	[0 0 1 0 0 0 0 0 1 0 1 1 0 0 0 0 0 0 0 1 0 0 0 0 1]
-2.000000	1	[1 0 1 0 0 0 0 0 1 0 1 1 0 0 0 0 0 0 0 1 0 0 0 0 0]
-4.000000	1	[1 0 0 0 0 0 0 0 1 1 1 0 0 0 0 0 0 0 0 1 0 0 1 0 0]
-4.000000	1	[0 0 1 0 1 0 0 0 0 1 1 0 0 0 0 1 0 0 0 0 0 0 0 1 0]
-4.000000	1	[0 1 0 0 0 0 0 0 1 0 1 1 0 0 0 1 0 0 0 0 0 0 0 0 1]
-2.000000	1	[0 1 0 1 0 0 0 0 1 0 1 0 0 0 0 0 1 1 0 0 0 0 0 0 1]
-4.000000	1	[0 1 0 0 0 0 0 0 1 1 1 0 1 0 0 1 0 0 0 0 0 0 0 0 0]
0.000000	1	[0 1 0 0 0 0 0 0 1 1 1 0 0 0 0 1 1 0 0 0 0 0 0 0 0]
-4.000000	1	[0 1 0 1 0 0 0 0 1 0 1 0 0 0 0 1 0 0 0 0 0 0 0 0 1]
0.000000	4	[0 1 0 0 0 0 0 0 1 1 1 0 0 0 0 1 1 0 0 0 0 0 0 0 1]
-4.000000	1	[0 0 0 0 1 0 0 0 0 1 1 0 1 0 0 1 0 0 0 0 0 0 0 1 0]
-2.000000	1	[0 0 1 0 0 0 0 0 0 0 1 0 0 0 0 0 0 0 1 1 0 1 0 0 1]
-4.000000	1	[1 0 0 0 0 0 0 0 1 0 1 0 0 0 0 0 0 0 0 1 0 1 0 0 1]
0.000000	1	[0 0 0 0 1 0 0 1 0 0 1 0 0 0 1 1 1 0 0 0 0 0 0 1 0]
-4.000000	1	[0 1 0 0 0 0 0 0 1 1 1 0 0 0 0 1 0 0 0 0 0 0 1 0 1]
-2.000000	1	[0 0 0 0 1 0 0 0 1 0 1 0 0 0 0 0 0 1 0 0 0 0 1 0 1]
-2.000000	1	[0 0 0 0 0 1 0 0 1 0 0 1 0 0 0 1 0 0 0 0 0 0 1 0 1]
-4.000000	1	[0 0 1 0 1 0 0 0 0 1 1 0 0 0 0 1 0 0 0 0 0 0 0 1 0]
-4.000000	1	[0 0 0 0 1 0 0 1 0 0 1 0 1 0 0 0 0 0 0 0 0 1 0 1 0]
-2.000000	1	[1 0 1 0 0 0 0 0 1 0 1 1 0 0 0 0 0 0 0 1 0 0 0 0 0]
-8.000000	1	[0 1 0 0 0 0 0 0 0 1 0 0 1 0 0 0 0 0 0 0 0 0 0 1 0]
-4.000000	1	[0 0 0 0 1 0 0 1 0 0 1 0 0 0 0 0 1 0 0 0 0 0 0 1 1]
2.000000	1	[0 1 0 0 0 0 0 1 1 0 1 1 0 0 0 1 0 0 0 0 0 0 0 0 1]
-2.000000	1	[0 0 1 0 0 0 0 0 0 0 0 0 1 1 0 1 1 0 0 0 0 0 0 0 1]
-4.000000	1	[0 1 0 1 0 0 0 0 1 0 1 0 0 0 0 1 0 0 0 0 0 0 0 0 1]
-6.000000	1	[1 0 0 0 0 0 0 0 1 0 1 1 0 0 0 0 0 0 0 1 0 0 0 0 0]
-4.000000	1	[1 0 0 0 0 0 0 0 1 1 0 1 0 0 0 1 0 0 0 1 0 0 1 0 0]
-8.000000	1	[0 0 0 0 1 0 0 1 0 0 1 0 0 0 0 0 0 0 1 0 0 1 0 1 0]
4.000000	1	[0 0 0 0 1 1 0 1 0 0 1 0 0 0 0 1 1 0 0 0 0 0 0 1 0]
4.000000	1	[0 1 0 1 0 0 0 0 1 1 0 0 0 1 0 1 0 0 0 0 0 0 1 0 0]
-4.000000	1	[1 1 0 0 0 0 0 0 1 0 0 0 0 1 0 1 0 0 0 0 0 0 1 0 0]
-2.000000	1	[1 1 0 0 0 0 0 0 1 1 0 0 0 1 0 1 0 0 0 0 0 0 1 0 0]
-4.000000	1	[1 0 1 0 0 0 0 0 1 0 1 0 0 0 0 0 0 0 0 1 0 1 0 0 0]
-2.000000	1	[0 0 1 0 0 0 0 0 1 0 1 1 0 0 0 1 0 0 0 0 0 0 0 0 1]
-8.000000	1	[0 1 0 0 0 0 0 0 1 0 1 0 0 0 0 1 0 0 0 0 0 0 0 0 1]
-6.000000	1	[0 0 0 0 1 0 0 1 0 0 1 0 0 0 0 0 0 1 0 0 0 0 0 1 0]
-2.000000	1	[0 1 0 0 0 0 0 0 0 1 1 0 0 0 0 1 1 0 0 0 0 0 0 0 1]
0.000000	1	[0 0 0 0 1 0 0 1 0 0 1 0 0 0 0 1 1 0 0 0 0 0 0 0 1]
-2.000000	1	[0 0 0 0 0 0 0 1 0 0 1 0 0 0 0 1 1 0 0 0 0 0 0 1 1]
-8.000000	1	[1 0 0 0 0 0 0 0 1 0 1 0 0 0 0 0 0 0 0 1 0 1 0 0 0]
-2.000000	1	[0 1 0 0 0 0 0 0 1 0 1 0 0 1 0 1 0 0 0 0 0 0 0 0 0]
-2.000000	1	[1 1 0 0 0 0 0 0 1 0 1 0 0 0 0 0 0 1 0 0 0 1 0 0 1]
-6.000000	1	[0 1 0 0 0 0 0 0 1 1 0 1 0 0 0 1 0 0 0 0 0 0 1 0 0]
-4.000000	1	[0 1 0 0 0 0 0 0 1 1 1 0 0 0 0 1 0 0 0 0 0 0 0 1 1]
-8.000000	1	[0 0 0 0 1 0 0 1 0 0 1 0 0 0 0 0 0 0 0 0 0 1 0 0 0]
0.000000	1	[0 0 0 0 0 0 0 1 0 0 1 1 0 0 0 1 0 0 0 0 0 0 0 0 1]
0.000000	1	[0 0 0 0 1 0 0 1 0 0 1 1 0 0 0 1 0 0 0 0 0 0 0 0 1]
0.000000	1	[0 0 0 0 0 0 0 1 1 0 1 1 0 0 0 1 0 0 0 0 0 0 0 0 1]
0.000000	1	[1 0 1 0 0 0 0 0 1 0 1 0 0 0 0 0 0 0 0 1 0 1 0 0 1]
4.000000	3	[0 1 0 0 1 0 0 1 1 1 1 0 0 0 0 1 0 0 0 0 0 0 0 1 0]
-6.000000	1	[0 0 0 0 0 0 0 0 1 0 1 1 0 0 0 0 0 0 0 1 0 0 0 0 1]
-8.000000	1	[1 0 0 0 0 0 0 0 1 0 1 0 0 0 0 0 0 0 0 1 0 1 0 0 0]
-6.000000	1	[1 0 0 0 0 0 0 0 1 0 1 1 0 0 0 0 0 0 0 1 0 1 0 0 0]
-4.000000	1	[0 0 1 0 0 0 0 0 0 0 0 0 0 1 0 1 1 0 0 0 0 0 1 0 1]
6.000000	1	[0 1 0 0 0 0 0 1 1 1 1 0 0 0 0 1 1 0 0 0 0 0 0 1 0]
2.000000	1	[0 1 0 0 1 0 0 0 1 1 1 0 1 0 0 1 0 0 0 0 0 0 0 1 0]
-8.000000	1	[1 0 0 0 0 0 0 0 1 0 1 0 0 0 0 0 0 0 0 1 0 1 0 0 0]
2.000000	1	[1 0 1 0 0 0 0 0 1 0 1 0 0 0 0 0 1 0 0 1 0 1 0 0 0]
-6.000000	1	[1 0 0 0 0 0 1 0 0 0 0 0 0 0 1 1 0 0 0 0 0 0 0 1 0]
0.000000	1	[0 0 1 1 0 1 0 0 0 0 1 0 0 0 0 0 1 0 1 0 0 1 0 0 0]
0.000000	1	[0 0 1 0 1 0 0 0 0 1 0 0 0 0 1 1 1 0 0 0 0 0 0 1 0]
8.000000	1	[0 0 0 1 0 1 0 0 0 0 0 1 0 1 0 0 1 0 0 1 0 1 0 0 1]
2.000000	1	[0 1 0 0 0 1 0 0 1 0 0 0 0 0 0 1 1 0 0 0 0 0 1 0 1]
4.000000	1	[0 1 0 0 0 0 0 0 1 0 1 1 0 0 0 1 1 0 0 0 0 0 0 0 1]
4.000000	1	[0 0 0 0 1 0 0 1 0 0 1 1 0 1 0 1 0 0 0 0 0 0 0 0 1]
-4.000000	1	[1 0 1 0 0 0 0 0 1 0 1 0 0 0 0 0 0 0 0 1 0 1 0 0 0]
-4.000000	1	[0 0 1 0 0 0 0 0 1 0 0 0 0 1 0 1 0 0 0 0 0 0 1 0 1]
-6.000000	1	[0 1 0 0 0 0 0 0 1 1 1 0 0 0 0 1 0 0 0 0 0 0 0 1 0]
-4.000000	1	[0 1 0 0 0 0 0 0 1 1 1 0 0 0 0 1 0 0 0 0 0 0 1 0 1]
4.000000	1	[0 1 0 1 0 0 0 1 0 1 1 0 0 0 0 1 0 0 0 0 0 0 0 1 0]
-2.000000	1	[0 0 0 0 1 0 0 0 1 0 1 0 0 0 0 1 0 0 0 0 0 1 0 1 0]
2.000000	1	[0 1 0 0 0 0 0 0 1 0 1 0 0 1 0 1 1 0 0 0 0 0 0 0 1]
-2.000000	1	[1 0 0 0 0 0 0 0 1 1 0 0 1 0 0 1 0 0 0 0 0 0 1 0 0]
0.000000	1	[1 0 0 0 0 0 0 0 1 1 1 0 0 0 0 1 0 0 0 0 0 0 0 0 1]
-2.000000	1	[1 0 1 0 0 0 0 0 0 1 0 0 0 1 0 1 1 0 0 0 0 0 0 0 1]
10.000000	1	[0 0 0 0 1 0 0 1 0 0 1 1 0 1 0 1 1 0 0 0 0 0 0 0 1]
-2.000000	1	[1 0 0 0 0 0 0 0 1 0 0 0 0 1 0 1 1 0 0 0 0 0 0 0 1]
0.000000	1	[0 0 1 0 1 0 0 0 0 1 1 0 1 0 0 1 0 0 0 0 0 0 0 1 0]
-6.000000	1	[0 1 0 0 0 0 0 0 1 1 1 0 0 0 0 1 0 0 0 0 0 0 0 0 1]
0.000000	1	[1 1 0 0 0 0 0 0 0 1 0 0 0 1 0 1 0 0 0 0 0 0 1 0 1]
0.000000	1	[1 0 0 0 0 0 0 1 1 0 1 0 0 0 0 0 1 0 0 0 0 1 0 0 1]
-4.000000	1	[0 0 0 0 1 0 0 1 0 0 1 0 0 0 0 1 0 0 0 0 0 0 0 1 1]
