0 209
1 209
2 195
3 195
4 195
5 195
6 195
7 170
8 170
9 170
10 170
11 170
12 170
13 170
14 170
15 170
16 170
17 170
18 152
19 129
20 129
21 129
22 129
23 129
24 129
25 129
26 129
27 129
28 129
29 117
30 117
31 105
32 105
33 105
34 105
35 105
36 105
37 88
38 88
39 88
40 76
41 76
42 76
43 76
44 76
45 64
46 64
47 64
48 64
49 64
50 56
51 56
52 56
53 56
54 56
55 46
56 40
57 40
58 40
59 34
60 34
61 28
62 28
63 26
64 26
65 26
66 26
67 26
68 26
69 26
70 26
71 26
72 26
73 26
74 26
75 26
76 26
77 26
78 26
79 26
80 26
81 26
82 26
83 26
84 26
85 26
86 26
87 26
88 26
89 26
90 26
91 19
92 19
93 19
94 11
95 11
96 0
97 0
98 0
99 0
100 0
101 0
102 0
103 0
104 0
105 0
106 0
107 0
108 0
109 0
110 -2
111 -2
112 -2
113 -2
114 -2
115 -2
116 -2
117 -2
118 -2
119 -2
120 -2
121 -2
122 -2
123 -2
124 -2
125 -2
126 -2
127 -2
128 -2
129 -2
130 -2
131 -6
132 -8
133 -8
134 -8
135 -8
136 -8
137 -8
138 -8
139 -8
140 -8
141 -8
142 -8
143 -8
144 -8
145 -8
146 -8
147 -8
148 -8
149 -8
150 -8
151 -8
152 -8
153 -8
154 -8
155 -8
156 -8
157 -8
158 -8
159 -8
160 -8
161 -8
162 -8
163 -8
164 -8
165 -8
166 -8
167 -8
168 -8
169 -8
170 -8
171 -8
172 -8
173 -8
174 -8
175 -8
176 -8
177 -8
178 -8
179 -8
180 -8
181 -8
182 -8
183 -8
184 -8
185 -9
186 -9
187 -9
188 -9
189 -9
190 -9
191 -9
192 -9
193 -9
194 -9
195 -9
196 -9
197 -9
198 -9
199 -9
200 -9
201 -9
202 -9
203 -9
204 -9
205 -9
206 -9
207 -9
208 -10
209 -10
210 -10
211 -10
212 -10
213 -10
214 -10
215 -10
216 -10
217 -10
218 -10
219 -10
220 -10
221 -10
222 -10
223 -10
224 -10
225 -10
226 -10
227 -10
228 -10
229 -10
230 -10
231 -10
232 -10
233 -10
234 -10
235 -10
236 -10
237 -10
238 -10
239 -10
240 -10
241 -10
242 -10
243 -10
244 -10
245 -12
246 -12
247 -12
248 -12
249 -12
250 -12
251 -12
252 -12
253 -12
254 -12
255 -12
256 -12
257 -12
258 -12
259 -12
260 -12
261 -12
262 -12
263 -12
264 -12
265 -12
266 -12
267 -12
268 -12
269 -12
270 -12
271 -12
272 -12
273 -12
274 -12
275 -12
276 -12
277 -12
278 -12
279 -12
280 -12
281 -12
282 -12
283 -14
284 -14
285 -14
286 -14
287 -14
288 -14
289 -14
290 -14
291 -14
292 -14
293 -14
294 -14
295 -16
