0 322
1 322
2 292
3 292
4 292
5 276
6 276
7 276
8 254
9 228
10 228
11 214
12 204
13 188
14 188
15 188
16 170
17 170
18 170
19 152
20 152
21 134
22 134
23 114
24 106
25 106
26 106
27 106
28 106
29 96
30 84
31 84
32 84
33 84
34 84
35 74
36 66
37 66
38 58
39 52
40 52
41 52
42 44
43 36
44 30
45 30
46 30
47 22
48 14
49 14
50 14
51 14
52 14
53 14
54 14
55 8
56 4
57 4
58 4
59 -2
60 -2
61 -2
62 -2
63 -2
64 -2
65 -2
66 -2
67 -2
68 -2
69 -2
70 -2
71 -2
72 -2
73 -2
74 -4
75 -4
76 -4
77 -4
78 -4
79 -4
80 -4
81 -4
82 -4
83 -4
84 -4
85 -4
86 -6
87 -6
88 -6
89 -6
90 -6
91 -6
92 -6
93 -6
94 -6
95 -6
96 -6
97 -6
98 -6
99 -6
100 -6
101 -6
102 -6
103 -6
104 -6
105 -8
106 -8
107 -8
108 -8
109 -8
110 -8
111 -8
112 -8
113 -8
114 -8
115 -8
116 -8
117 -8
118 -10
119 -10
120 -10
121 -10
122 -10
123 -10
124 -10
125 -10
126 -10
127 -10
128 -10
129 -10
130 -10
131 -10
132 -10
133 -10
134 -10
135 -10
136 -10
137 -10
138 -10
139 -10
140 -10
141 -10
142 -10
143 -10
144 -10
145 -10
146 -10
147 -10
148 -10
149 -10
150 -10
151 -10
152 -10
153 -10
154 -10
155 -10
156 -10
157 -10
158 -10
159 -10
160 -10
161 -10
162 -10
163 -10
164 -10
165 -10
166 -10
167 -10
168 -10
169 -10
170 -10
171 -10
172 -10
173 -10
174 -10
175 -10
176 -10
177 -10
178 -10
179 -10
180 -10
181 -10
182 -10
183 -10
184 -10
185 -10
186 -10
187 -10
188 -10
189 -10
190 -10
191 -10
192 -10
193 -10
194 -10
195 -10
196 -10
197 -10
198 -10
199 -10
200 -10
201 -10
202 -10
203 -10
204 -10
205 -10
206 -10
207 -10
208 -10
209 -10
210 -10
211 -10
212 -10
213 -10
214 -10
215 -10
216 -10
217 -10
218 -10
219 -10
220 -10
221 -10
222 -10
223 -10
224 -10
225 -10
226 -10
227 -10
228 -10
229 -10
230 -10
231 -10
232 -10
233 -10
234 -10
235 -10
236 -10
237 -10
238 -10
239 -10
240 -10
241 -10
242 -10
243 -10
244 -10
245 -10
246 -10
247 -10
248 -10
249 -10
250 -12
251 -12
252 -12
253 -12
254 -12
255 -12
256 -12
257 -12
258 -12
259 -12
260 -12
261 -12
262 -12
263 -12
264 -12
265 -12
266 -12
267 -12
268 -12
269 -12
270 -12
271 -12
272 -12
273 -12
274 -12
275 -12
276 -12
277 -12
278 -12
279 -12
280 -12
281 -12
282 -12
283 -12
284 -12
285 -12
286 -12
287 -12
288 -12
289 -12
290 -12
291 -12
292 -12
293 -12
294 -12
295 -12
296 -12
297 -12
298 -12
299 -12
300 -12
301 -12
302 -12
303 -12
304 -12
305 -12
306 -12
307 -12
308 -12
309 -12
310 -12
311 -12
312 -12
313 -12
314 -12
315 -12
316 -12
317 -12
318 -12
319 -12
320 -12
321 -12
322 -12
323 -12
324 -12
325 -12
326 -12
327 -12
328 -12
329 -12
330 -12
331 -12
332 -12
333 -12
334 -12
335 -12
336 -12
337 -12
338 -12
339 -12
340 -12
341 -12
342 -12
343 -12
344 -12
345 -12
346 -12
347 -12
348 -12
349 -12
350 -12
351 -12
352 -12
353 -12
354 -12
355 -12
356 -12
357 -12
358 -12
359 -12
360 -12
361 -12
362 -12
363 -12
364 -12
365 -12
366 -12
367 -12
368 -12
369 -12
370 -12
371 -12
372 -12
373 -12
374 -12
375 -12
376 -12
377 -12
378 -12
379 -12
380 -12
381 -12
382 -12
383 -12
384 -12
385 -12
386 -12
387 -12
388 -12
389 -12
390 -12
391 -12
392 -12
393 -12
394 -12
395 -12
396 -12
397 -12
398 -12
399 -12
400 -12
401 -12
402 -12
403 -12
404 -12
405 -12
406 -12
407 -12
408 -12
409 -12
410 -12
411 -12
412 -12
413 -12
414 -12
415 -12
416 -12
417 -12
418 -12
419 -12
420 -12
421 -12
422 -12
423 -12
424 -12
425 -12
426 -12
427 -12
428 -12
429 -12
430 -12
431 -12
432 -12
433 -12
434 -12
435 -12
436 -12
437 -12
438 -12
439 -12
440 -12
441 -12
442 -12
443 -12
444 -12
445 -12
446 -12
447 -12
448 -12
449 -12
450 -12
451 -12
452 -12
453 -12
454 -12
455 -12
456 -12
457 -12
458 -12
459 -12
460 -12
461 -12
462 -12
463 -12
464 -12
465 -12
466 -12
467 -12
468 -12
469 -12
470 -12
471 -12
472 -12
473 -12
474 -12
475 -12
476 -12
477 -12
478 -12
479 -12
480 -12
481 -12
482 -12
483 -12
484 -12
485 -12
486 -12
487 -12
488 -12
489 -12
490 -12
491 -12
492 -12
493 -12
494 -12
495 -12
496 -12
497 -12
498 -12
499 -12
500 -12
501 -12
502 -12
503 -12
504 -12
505 -12
506 -12
507 -12
508 -12
509 -12
510 -12
511 -12
512 -12
513 -12
514 -12
515 -12
516 -12
517 -12
518 -12
519 -12
520 -12
521 -12
522 -12
523 -12
524 -12
525 -12
526 -12
527 -12
528 -12
529 -12
530 -12
531 -12
532 -12
533 -12
534 -12
535 -12
536 -12
537 -12
538 -12
539 -12
540 -12
541 -12
542 -12
543 -14
544 -14
545 -14
546 -14
547 -14
548 -14
549 -14
550 -14
551 -14
552 -14
553 -14
554 -14
555 -14
556 -14
557 -14
558 -14
559 -14
560 -14
561 -14
562 -14
563 -14
564 -14
565 -14
566 -14
567 -14
568 -14
569 -14
570 -14
571 -14
572 -14
573 -14
574 -14
575 -14
576 -14
577 -14
578 -14
579 -14
580 -14
581 -14
582 -14
583 -14
584 -14
585 -14
586 -14
587 -14
588 -14
589 -14
590 -14
591 -14
592 -14
593 -14
594 -14
595 -14
596 -14
597 -14
598 -14
599 -14
600 -14
601 -14
602 -14
603 -14
604 -14
605 -14
606 -14
607 -14
608 -14
609 -14
610 -14
611 -14
612 -14
613 -14
614 -14
615 -14
616 -14
617 -14
618 -14
619 -14
620 -14
621 -14
622 -14
623 -14
624 -14
625 -14
626 -14
627 -14
628 -14
629 -14
630 -14
631 -14
632 -14
633 -14
634 -14
635 -14
636 -14
637 -14
638 -14
639 -14
640 -14
641 -14
642 -14
643 -14
644 -14
645 -14
646 -14
647 -14
648 -14
649 -14
650 -14
651 -14
652 -14
653 -14
654 -14
655 -14
656 -14
657 -14
658 -14
659 -14
660 -14
661 -14
662 -14
663 -14
664 -14
665 -14
666 -14
667 -14
668 -14
669 -14
670 -14
671 -14
672 -14
673 -14
674 -14
675 -14
676 -14
677 -14
678 -14
679 -14
680 -14
681 -14
682 -14
683 -14
684 -14
685 -14
686 -14
687 -14
688 -14
689 -14
690 -14
691 -14
692 -14
693 -14
694 -14
695 -14
696 -14
697 -14
698 -14
699 -14
700 -14
701 -14
702 -14
703 -14
704 -14
705 -14
706 -14
707 -14
708 -14
709 -14
710 -14
711 -14
712 -14
713 -14
714 -14
715 -14
716 -14
717 -14
718 -14
719 -14
720 -14
721 -14
722 -14
723 -14
724 -14
725 -14
726 -14
727 -14
728 -14
729 -14
730 -14
731 -14
732 -14
733 -14
734 -14
735 -14
736 -14
737 -14
738 -14
739 -14
740 -14
741 -14
742 -14
743 -14
744 -14
745 -14
746 -14
747 -14
748 -14
749 -14
750 -14
751 -14
752 -14
753 -14
754 -14
755 -14
756 -14
757 -14
758 -14
759 -14
760 -14
761 -14
762 -14
763 -14
764 -14
765 -14
766 -14
767 -14
768 -14
769 -14
770 -14
771 -14
772 -14
773 -14
774 -14
775 -14
776 -14
777 -14
778 -14
779 -14
780 -14
781 -14
782 -14
783 -14
784 -14
785 -14
786 -14
787 -14
788 -14
789 -14
790 -14
791 -14
792 -14
793 -14
794 -14
795 -14
796 -14
797 -14
798 -14
799 -14
800 -14
801 -14
802 -14
803 -14
804 -14
805 -14
806 -14
807 -14
808 -14
809 -14
810 -14
811 -14
812 -14
813 -14
814 -14
815 -14
816 -14
817 -14
818 -14
819 -14
820 -14
821 -14
822 -14
823 -14
824 -14
825 -14
826 -14
827 -14
828 -14
829 -14
830 -14
831 -14
832 -14
833 -14
834 -14
835 -14
836 -14
837 -14
838 -14
839 -14
840 -14
841 -14
842 -14
843 -14
844 -14
845 -14
846 -14
847 -14
848 -14
849 -14
850 -14
851 -14
852 -14
853 -14
854 -14
855 -14
856 -14
857 -14
858 -14
859 -14
860 -14
861 -14
862 -14
863 -14
864 -14
865 -14
866 -14
867 -14
868 -14
869 -14
870 -14
871 -14
872 -14
873 -14
874 -14
875 -14
876 -14
877 -14
878 -14
879 -14
880 -14
881 -14
882 -14
883 -14
884 -14
885 -14
886 -14
887 -14
888 -14
889 -14
890 -14
891 -14
892 -14
893 -14
894 -14
895 -14
896 -14
897 -14
898 -14
899 -14
900 -14
901 -14
902 -14
903 -14
904 -14
905 -14
906 -14
907 -14
908 -14
909 -14
910 -14
911 -14
912 -14
913 -14
914 -14
915 -14
916 -14
917 -14
918 -14
919 -14
920 -14
921 -14
922 -14
923 -14
924 -14
925 -14
926 -14
927 -14
928 -14
929 -14
930 -14
931 -14
932 -14
933 -14
934 -14
935 -14
936 -14
937 -14
938 -14
939 -14
940 -14
941 -14
942 -14
943 -14
944 -14
945 -14
946 -14
947 -14
948 -14
949 -14
950 -14
951 -14
952 -14
953 -14
954 -14
955 -14
956 -14
957 -14
958 -14
959 -14
960 -14
961 -14
962 -14
963 -14
964 -14
965 -14
966 -14
967 -14
968 -14
969 -14
970 -14
971 -14
972 -14
973 -14
974 -14
975 -14
976 -14
977 -14
978 -14
979 -14
980 -14
981 -14
982 -14
983 -14
984 -14
985 -14
986 -14
987 -14
988 -14
989 -14
990 -14
991 -14
992 -14
993 -14
994 -14
995 -14
996 -14
997 -14
998 -14
999 -14
1000 -14
1001 -14
1002 -14
1003 -14
1004 -14
1005 -14
1006 -14
1007 -14
1008 -14
1009 -14
1010 -14
1011 -14
1012 -14
1013 -14
1014 -14
1015 -14
1016 -14
1017 -14
1018 -14
1019 -14
1020 -14
1021 -14
1022 -14
1023 -14
1024 -14
1025 -14
1026 -14
1027 -14
1028 -14
1029 -14
1030 -14
1031 -14
1032 -14
1033 -14
1034 -14
1035 -14
1036 -14
1037 -14
1038 -14
1039 -14
1040 -14
1041 -14
1042 -14
1043 -14
1044 -14
1045 -14
1046 -14
1047 -14
1048 -14
1049 -14
1050 -14
1051 -14
1052 -14
1053 -14
1054 -14
1055 -14
1056 -14
1057 -14
1058 -14
1059 -14
1060 -14
1061 -14
1062 -14
1063 -14
1064 -14
1065 -14
1066 -14
1067 -14
1068 -14
1069 -14
1070 -14
1071 -14
1072 -14
1073 -14
1074 -14
1075 -14
1076 -14
1077 -14
1078 -14
1079 -14
1080 -14
1081 -14
1082 -14
1083 -14
1084 -14
1085 -14
1086 -14
1087 -14
1088 -14
1089 -14
1090 -14
1091 -14
1092 -14
1093 -14
1094 -14
1095 -14
1096 -14
1097 -14
1098 -14
1099 -14
1100 -14
1101 -14
1102 -14
1103 -14
1104 -14
1105 -14
1106 -14
1107 -14
1108 -14
1109 -14
1110 -14
1111 -14
1112 -14
1113 -14
1114 -14
1115 -14
1116 -14
1117 -14
1118 -14
1119 -14
1120 -14
1121 -14
1122 -14
1123 -14
1124 -14
1125 -14
1126 -14
1127 -14
1128 -14
1129 -14
1130 -14
1131 -14
1132 -14
1133 -14
1134 -14
1135 -14
1136 -14
1137 -14
1138 -14
1139 -14
1140 -14
1141 -14
1142 -14
1143 -14
1144 -14
1145 -14
1146 -14
1147 -14
1148 -14
1149 -14
1150 -14
1151 -14
1152 -14
1153 -14
1154 -14
1155 -14
1156 -14
1157 -14
1158 -14
1159 -14
1160 -14
1161 -14
1162 -14
1163 -14
1164 -14
1165 -14
1166 -14
1167 -14
1168 -14
1169 -14
1170 -14
1171 -14
1172 -14
1173 -14
1174 -14
1175 -14
1176 -14
1177 -14
1178 -14
1179 -14
1180 -14
1181 -14
1182 -14
1183 -14
1184 -14
1185 -14
1186 -14
1187 -14
1188 -14
1189 -14
1190 -14
1191 -14
1192 -14
1193 -14
1194 -14
1195 -14
1196 -14
1197 -14
1198 -14
1199 -14
1200 -14
1201 -14
1202 -14
1203 -14
1204 -14
1205 -14
1206 -14
1207 -14
1208 -14
1209 -14
1210 -14
1211 -14
1212 -14
1213 -14
1214 -14
1215 -14
1216 -14
1217 -14
1218 -14
1219 -14
1220 -14
1221 -14
1222 -14
1223 -14
1224 -14
1225 -14
1226 -14
1227 -14
1228 -14
1229 -14
1230 -14
1231 -14
1232 -14
1233 -14
1234 -14
1235 -14
1236 -14
1237 -14
1238 -14
1239 -14
1240 -14
1241 -14
1242 -14
1243 -14
1244 -14
1245 -14
1246 -14
1247 -14
1248 -14
1249 -14
1250 -14
1251 -14
1252 -14
1253 -14
1254 -14
1255 -14
1256 -14
1257 -14
1258 -14
1259 -14
1260 -14
1261 -14
1262 -14
1263 -14
1264 -14
1265 -14
1266 -14
1267 -14
1268 -14
1269 -14
1270 -14
1271 -14
1272 -14
1273 -14
1274 -14
1275 -14
1276 -14
1277 -14
1278 -14
1279 -14
1280 -14
1281 -14
1282 -14
1283 -14
1284 -14
1285 -14
1286 -14
1287 -14
1288 -14
1289 -14
1290 -14
1291 -14
1292 -14
1293 -14
1294 -14
1295 -14
1296 -14
1297 -14
1298 -14
1299 -14
1300 -14
1301 -14
1302 -14
1303 -14
1304 -14
1305 -14
1306 -14
1307 -14
1308 -14
1309 -14
1310 -14
1311 -14
1312 -14
1313 -14
1314 -14
1315 -14
1316 -14
1317 -14
1318 -14
1319 -14
1320 -14
1321 -14
1322 -14
1323 -14
1324 -14
1325 -14
1326 -14
1327 -14
1328 -14
1329 -14
1330 -14
1331 -14
1332 -14
1333 -14
1334 -14
1335 -14
1336 -14
1337 -14
1338 -14
1339 -14
1340 -14
1341 -14
1342 -14
1343 -14
1344 -14
1345 -14
1346 -14
1347 -14
1348 -14
1349 -14
1350 -14
1351 -14
1352 -14
1353 -14
1354 -14
1355 -14
1356 -14
1357 -14
1358 -14
1359 -14
1360 -14
1361 -14
1362 -14
1363 -14
1364 -14
1365 -14
1366 -14
1367 -14
1368 -14
1369 -14
1370 -14
1371 -14
1372 -14
1373 -14
1374 -14
1375 -14
1376 -14
1377 -14
1378 -14
1379 -14
1380 -14
1381 -14
1382 -14
1383 -14
1384 -14
1385 -14
1386 -14
1387 -14
1388 -14
1389 -14
1390 -14
1391 -14
1392 -14
1393 -14
1394 -14
1395 -14
1396 -14
1397 -14
1398 -14
1399 -14
1400 -14
1401 -14
1402 -14
1403 -14
1404 -14
1405 -14
1406 -14
1407 -14
1408 -14
1409 -14
1410 -14
1411 -14
1412 -14
1413 -14
1414 -14
1415 -14
1416 -14
1417 -14
1418 -14
1419 -14
1420 -14
1421 -14
1422 -14
1423 -14
1424 -14
1425 -14
1426 -14
1427 -14
1428 -14
1429 -14
1430 -14
1431 -14
1432 -14
1433 -14
1434 -14
1435 -14
1436 -14
1437 -14
1438 -14
1439 -14
1440 -14
1441 -14
1442 -14
1443 -14
1444 -14
1445 -14
1446 -14
1447 -14
1448 -14
1449 -14
1450 -14
1451 -14
1452 -14
1453 -14
1454 -14
1455 -14
1456 -14
1457 -14
1458 -14
1459 -14
1460 -14
1461 -14
1462 -14
1463 -14
1464 -14
1465 -14
1466 -14
1467 -14
1468 -14
1469 -14
1470 -14
1471 -14
1472 -14
1473 -14
1474 -14
1475 -14
1476 -14
1477 -14
1478 -14
1479 -14
1480 -14
1481 -14
1482 -14
1483 -14
1484 -14
1485 -14
1486 -14
1487 -14
1488 -14
1489 -14
1490 -14
1491 -14
1492 -14
1493 -14
1494 -14
1495 -14
1496 -14
1497 -14
1498 -14
1499 -14
1500 -14
1501 -14
1502 -14
1503 -14
1504 -14
1505 -14
1506 -14
1507 -14
1508 -14
1509 -14
1510 -14
1511 -14
1512 -14
1513 -14
1514 -14
1515 -14
1516 -14
1517 -14
1518 -14
1519 -14
1520 -14
1521 -14
1522 -14
1523 -14
1524 -14
1525 -14
1526 -14
1527 -14
1528 -14
1529 -14
1530 -14
1531 -14
1532 -14
1533 -14
1534 -14
1535 -14
1536 -14
1537 -14
1538 -14
1539 -14
1540 -14
1541 -14
1542 -14
1543 -14
1544 -14
1545 -14
1546 -14
1547 -14
1548 -14
1549 -14
1550 -14
1551 -14
1552 -14
1553 -14
1554 -14
1555 -14
1556 -14
1557 -14
1558 -14
1559 -14
1560 -14
1561 -14
1562 -14
1563 -14
1564 -14
1565 -14
1566 -14
1567 -14
1568 -14
1569 -14
1570 -14
1571 -14
1572 -14
1573 -14
1574 -14
1575 -14
1576 -14
1577 -14
1578 -14
1579 -14
1580 -14
1581 -14
1582 -14
1583 -14
1584 -14
1585 -14
1586 -14
1587 -14
1588 -14
1589 -14
1590 -14
1591 -14
1592 -14
1593 -16
