0 129
1 119
2 119
3 119
4 119
5 109
6 97
7 97
8 97
9 84
10 84
11 70
12 60
13 49
14 38
15 25
16 16
17 16
18 16
19 16
20 16
21 10
22 10
23 10
24 10
25 10
26 7
27 7
28 7
29 7
30 7
31 7
32 2
33 2
34 -1
35 -1
36 -1
37 -1
38 -1
39 -1
40 -1
41 -1
42 -1
43 -1
44 -3
45 -3
46 -3
47 -3
48 -3
49 -3
50 -3
51 -3
52 -3
53 -3
54 -3
55 -3
56 -3
57 -3
58 -3
59 -3
60 -3
61 -3
62 -8
63 -8
64 -8
65 -8
66 -8
67 -8
68 -8
69 -8
70 -8
71 -8
72 -8
73 -8
74 -8
75 -8
76 -8
77 -8
78 -8
79 -8
80 -8
81 -8
82 -8
83 -8
84 -8
85 -8
86 -8
87 -8
88 -8
89 -8
90 -8
91 -8
92 -8
93 -8
94 -8
95 -8
96 -8
97 -8
98 -8
99 -8
100 -8
101 -8
102 -8
103 -8
104 -8
105 -8
106 -8
107 -8
108 -8
109 -8
110 -8
111 -8
112 -8
113 -8
114 -8
115 -8
116 -8
117 -8
118 -8
119 -8
120 -8
121 -8
122 -8
123 -8
124 -8
125 -8
126 -8
127 -8
128 -8
129 -8
130 -8
131 -8
132 -8
133 -8
134 -8
135 -8
136 -8
137 -8
138 -8
139 -8
140 -8
141 -8
142 -8
143 -8
144 -8
145 -8
146 -8
147 -8
148 -8
149 -8
150 -8
151 -8
152 -8
153 -8
154 -8
155 -8
156 -8
157 -8
158 -8
159 -8
160 -8
161 -8
162 -8
163 -8
164 -8
165 -8
166 -8
167 -8
168 -8
169 -8
170 -8
171 -8
172 -8
173 -8
174 -8
175 -8
176 -8
177 -8
178 -8
179 -8
180 -8
181 -8
182 -8
183 -8
184 -8
185 -8
186 -8
187 -8
188 -8
189 -8
190 -8
191 -8
192 -8
193 -8
194 -8
195 -8
196 -8
197 -8
198 -8
199 -8
200 -8
201 -8
202 -8
203 -8
204 -8
205 -8
206 -8
207 -8
208 -8
209 -8
210 -8
211 -8
212 -8
213 -8
214 -8
215 -8
216 -8
217 -8
218 -8
219 -8
220 -8
221 -8
222 -8
223 -8
224 -8
225 -8
226 -8
227 -8
228 -8
229 -8
230 -8
231 -8
232 -8
233 -8
234 -8
235 -8
236 -8
237 -8
238 -8
239 -8
240 -8
241 -8
242 -8
243 -8
244 -8
245 -8
246 -8
247 -8
248 -8
249 -8
250 -8
251 -8
252 -8
253 -8
254 -8
255 -8
256 -8
257 -8
258 -8
259 -8
260 -8
261 -8
262 -8
263 -8
264 -8
265 -8
266 -8
267 -8
268 -8
269 -9
270 -9
271 -9
272 -9
273 -9
274 -9
275 -9
276 -9
277 -9
278 -9
279 -9
280 -9
281 -9
282 -9
283 -9
284 -9
285 -9
286 -9
287 -9
288 -9
289 -9
290 -9
291 -9
292 -9
293 -9
294 -9
295 -9
296 -9
297 -9
298 -9
299 -9
300 -9
301 -9
302 -9
303 -9
304 -9
305 -9
306 -9
307 -9
308 -9
309 -9
310 -9
311 -9
312 -9
313 -9
314 -9
315 -9
316 -9
317 -9
318 -9
319 -9
320 -9
321 -9
322 -9
323 -9
324 -9
325 -9
326 -9
327 -9
328 -9
329 -9
330 -9
331 -9
332 -9
333 -9
334 -9
335 -9
336 -9
337 -9
338 -9
339 -9
340 -9
341 -9
342 -9
343 -9
344 -9
345 -9
346 -9
347 -9
348 -9
349 -9
350 -9
351 -9
352 -9
353 -9
354 -9
355 -9
356 -9
357 -9
358 -9
359 -9
360 -9
361 -9
362 -9
363 -9
364 -9
365 -9
366 -9
367 -9
368 -9
369 -9
370 -9
371 -9
372 -9
373 -9
374 -9
375 -9
376 -9
377 -9
378 -9
379 -9
380 -9
381 -9
382 -9
383 -9
384 -9
385 -9
386 -9
387 -9
388 -9
389 -9
390 -9
391 -9
392 -9
393 -9
394 -10
395 -10
396 -10
397 -10
398 -10
399 -10
400 -10
401 -10
402 -10
403 -10
404 -10
405 -10
406 -10
407 -10
408 -10
409 -10
410 -10
411 -10
412 -10
413 -10
414 -10
415 -10
416 -10
417 -10
418 -10
419 -10
420 -10
421 -10
422 -10
423 -10
424 -10
425 -10
426 -10
427 -10
428 -10
429 -10
430 -10
431 -10
432 -10
433 -10
434 -10
435 -10
436 -10
437 -10
438 -10
439 -10
440 -10
441 -10
442 -10
443 -10
444 -10
445 -10
446 -10
447 -10
448 -12
