0 204
1 186
2 170
3 152
4 152
5 152
6 152
7 138
8 126
9 108
10 90
11 78
12 78
13 78
14 78
15 70
16 70
17 70
18 56
19 40
20 40
21 40
22 40
23 30
24 30
25 24
26 24
27 16
28 16
29 16
30 16
31 12
32 12
33 12
34 12
35 8
36 8
37 6
38 2
39 2
40 2
41 2
42 2
43 -4
44 -4
45 -4
46 -4
47 -4
48 -4
49 -4
50 -4
51 -4
52 -4
53 -4
54 -4
55 -4
56 -4
57 -4
58 -4
59 -4
60 -4
61 -4
62 -4
63 -6
64 -6
65 -8
66 -8
67 -8
68 -8
69 -8
70 -8
71 -8
72 -8
73 -8
74 -8
75 -8
76 -8
77 -8
78 -8
79 -8
80 -8
81 -8
82 -8
83 -8
84 -8
85 -8
86 -8
87 -8
88 -8
89 -8
90 -8
91 -8
92 -8
93 -8
94 -8
95 -8
96 -10
97 -10
98 -10
99 -10
100 -10
101 -10
102 -10
103 -10
104 -10
105 -10
106 -10
107 -10
108 -10
109 -10
110 -10
111 -10
112 -10
113 -10
114 -10
115 -10
116 -10
117 -10
118 -10
119 -10
120 -10
121 -10
122 -10
123 -10
124 -10
125 -10
126 -10
127 -10
128 -10
129 -10
130 -10
131 -10
132 -10
133 -10
134 -10
135 -10
136 -10
137 -10
138 -10
139 -10
140 -10
141 -10
142 -10
143 -10
144 -10
145 -10
146 -10
147 -10
148 -10
149 -10
150 -10
151 -10
152 -10
153 -10
154 -10
155 -10
156 -10
157 -10
158 -10
159 -10
160 -10
161 -10
162 -10
163 -10
164 -10
165 -10
166 -10
167 -10
168 -10
169 -10
170 -10
171 -10
172 -10
173 -10
174 -10
175 -10
176 -10
177 -10
178 -10
179 -10
180 -10
181 -10
182 -10
183 -10
184 -10
185 -10
186 -10
187 -12
