0 138
1 148
2 136
3 136
4 130
5 120
6 120
7 110
8 94
9 94
10 88
11 84
12 72
13 72
14 72
15 66
16 62
17 62
18 62
19 54
20 54
21 54
22 54
23 46
24 46
25 38
26 38
27 38
28 34
29 34
30 28
31 22
32 22
33 16
34 16
35 16
36 14
37 14
38 12
39 12
40 12
41 8
42 8
43 8
44 8
45 8
46 8
47 8
48 8
49 8
50 8
51 8
52 8
53 8
54 8
55 8
56 8
57 8
58 8
59 6
60 6
61 6
62 6
63 6
64 6
65 4
66 4
67 4
68 -4
69 -4
70 -8
71 -8
72 -8
73 -8
74 -8
75 -8
76 -8
77 -8
78 -8
79 -8
80 -10
81 -10
82 -10
83 -10
84 -10
85 -10
86 -10
87 -10
88 -10
89 -12
90 -12
91 -12
92 -12
93 -14
94 -14
95 -16
96 -16
97 -16
98 -16
99 -16
100 -16
101 -16
102 -16
103 -16
104 -16
105 -18
106 -18
107 -18
108 -18
109 -18
110 -18
111 -18
112 -18
113 -18
114 -18
115 -18
116 -18
117 -18
118 -18
119 -18
120 -18
121 -18
122 -18
123 -18
124 -18
125 -18
126 -18
127 -18
128 -18
129 -18
130 -20
131 -20
132 -20
133 -20
134 -20
135 -20
136 -20
137 -20
138 -20
139 -20
140 -20
141 -20
142 -20
143 -20
144 -20
145 -20
146 -20
147 -20
148 -20
149 -20
150 -22
151 -22
152 -22
153 -22
154 -22
155 -22
156 -22
157 -22
158 -22
159 -22
160 -22
161 -22
162 -22
163 -22
164 -22
165 -22
166 -22
167 -22
168 -22
169 -22
170 -22
171 -22
172 -22
173 -22
174 -22
175 -22
176 -22
177 -22
178 -22
179 -22
180 -22
181 -22
182 -22
183 -22
184 -22
185 -22
186 -22
187 -22
188 -22
189 -22
190 -22
191 -22
192 -22
193 -22
194 -22
195 -22
196 -22
197 -22
198 -22
199 -22
200 -22
201 -22
202 -22
203 -22
204 -22
205 -22
206 -22
207 -22
208 -22
209 -22
210 -22
211 -22
212 -22
213 -22
214 -22
215 -22
216 -22
217 -24
218 -24
219 -24
220 -24
221 -24
222 -24
223 -24
224 -24
225 -24
226 -24
227 -24
228 -24
229 -24
230 -24
231 -24
232 -24
233 -24
234 -24
235 -24
236 -24
237 -24
238 -24
239 -24
240 -24
241 -24
242 -24
243 -24
244 -24
245 -24
246 -24
247 -24
248 -24
249 -24
250 -24
251 -24
252 -24
253 -24
254 -24
255 -24
256 -24
257 -24
258 -24
259 -24
260 -24
261 -24
262 -24
263 -24
264 -24
265 -24
266 -24
267 -24
268 -24
269 -24
270 -24
271 -24
272 -24
273 -24
274 -24
275 -24
276 -24
277 -24
278 -24
279 -24
280 -24
281 -24
282 -24
283 -24
284 -24
285 -24
286 -24
287 -24
288 -24
289 -24
290 -24
291 -24
292 -24
293 -24
294 -24
295 -24
296 -24
297 -24
298 -24
299 -24
300 -24
301 -24
302 -24
303 -24
304 -24
305 -24
306 -24
307 -24
308 -24
309 -24
310 -24
311 -24
312 -24
313 -24
314 -24
315 -24
316 -24
317 -24
318 -24
319 -24
320 -24
321 -24
322 -24
323 -24
324 -24
325 -24
326 -24
327 -24
328 -24
329 -24
330 -24
331 -24
332 -24
333 -24
334 -24
335 -24
336 -24
337 -24
338 -24
339 -24
340 -24
341 -24
342 -24
343 -24
344 -24
345 -24
346 -24
347 -24
348 -24
349 -24
350 -24
351 -24
352 -24
353 -24
354 -24
355 -24
356 -24
357 -24
358 -24
359 -24
360 -24
361 -24
362 -24
363 -24
364 -24
365 -24
366 -24
367 -24
368 -24
369 -24
370 -24
371 -24
372 -24
373 -24
374 -24
375 -24
376 -24
377 -24
378 -24
379 -26
380 -26
381 -26
382 -26
383 -26
384 -26
385 -26
386 -26
387 -26
388 -26
389 -26
390 -26
391 -26
392 -26
393 -26
394 -26
395 -26
396 -26
397 -26
398 -26
399 -26
400 -28
401 -28
402 -28
403 -28
404 -28
405 -28
406 -28
407 -28
408 -28
409 -28
410 -28
411 -28
412 -28
413 -28
414 -28
415 -28
416 -28
417 -28
418 -28
419 -28
420 -28
421 -28
422 -28
423 -28
424 -28
425 -28
426 -28
427 -28
428 -28
429 -28
430 -28
431 -28
432 -28
433 -28
434 -28
435 -28
436 -28
437 -28
438 -28
439 -28
440 -28
441 -28
442 -28
443 -28
444 -28
445 -28
446 -28
447 -28
448 -28
449 -28
450 -28
451 -28
452 -28
453 -28
454 -28
455 -28
456 -28
457 -28
458 -30
459 -30
460 -30
461 -30
462 -30
463 -30
464 -30
465 -30
466 -30
467 -30
468 -30
469 -30
470 -30
471 -30
472 -30
473 -30
474 -30
475 -30
476 -30
477 -30
478 -30
479 -30
480 -30
481 -30
482 -30
483 -30
484 -30
485 -30
486 -30
487 -30
488 -30
489 -30
490 -30
491 -30
492 -30
493 -30
494 -30
495 -30
496 -30
497 -30
498 -30
499 -30
500 -30
501 -30
502 -30
503 -30
504 -30
505 -30
506 -30
507 -30
508 -30
509 -30
510 -30
511 -30
512 -30
513 -30
514 -30
515 -30
516 -30
517 -30
518 -30
519 -30
520 -30
521 -30
522 -30
523 -30
524 -30
525 -30
526 -30
527 -30
528 -30
529 -30
530 -30
531 -30
532 -30
533 -30
534 -30
535 -30
536 -30
537 -30
538 -30
539 -30
540 -30
541 -30
542 -30
543 -30
544 -30
545 -30
546 -30
547 -30
548 -30
549 -30
550 -30
551 -30
552 -30
553 -30
554 -30
555 -30
556 -30
557 -30
558 -30
559 -30
560 -30
561 -30
562 -30
563 -30
564 -30
565 -30
566 -30
567 -30
568 -30
569 -30
570 -30
571 -30
572 -30
573 -30
574 -30
575 -30
576 -30
577 -30
578 -30
579 -30
580 -30
581 -30
582 -30
583 -30
584 -30
585 -30
586 -30
587 -30
588 -30
589 -30
590 -30
591 -30
592 -30
593 -30
594 -30
595 -30
596 -30
597 -30
598 -30
599 -30
600 -30
601 -30
602 -30
603 -30
604 -30
605 -30
606 -30
607 -30
608 -30
609 -30
610 -30
611 -30
612 -30
613 -30
614 -30
615 -30
616 -30
617 -30
618 -30
619 -30
620 -30
621 -30
622 -30
623 -30
624 -30
625 -30
626 -30
627 -30
628 -30
629 -30
630 -30
631 -30
632 -30
633 -30
634 -30
635 -30
636 -30
637 -30
638 -30
639 -30
640 -30
641 -30
642 -30
643 -30
644 -30
645 -30
646 -30
647 -30
648 -30
649 -30
650 -30
651 -30
652 -30
653 -30
654 -30
655 -30
656 -30
657 -30
658 -30
659 -30
660 -30
661 -30
662 -30
663 -30
664 -30
665 -30
666 -30
667 -30
668 -30
669 -30
670 -30
671 -30
672 -30
673 -30
674 -30
675 -30
676 -30
677 -30
678 -30
679 -30
680 -30
681 -30
682 -30
683 -30
684 -30
685 -30
686 -30
687 -30
688 -30
689 -30
690 -30
691 -30
692 -30
693 -30
694 -30
695 -30
696 -30
697 -30
698 -30
699 -30
700 -30
701 -30
702 -30
703 -30
704 -30
705 -30
706 -30
707 -30
708 -30
709 -30
710 -30
711 -30
712 -30
713 -30
714 -30
715 -30
716 -30
717 -30
718 -30
719 -30
720 -30
721 -30
722 -30
723 -30
724 -30
725 -30
726 -30
727 -30
728 -30
729 -30
730 -30
731 -30
732 -30
733 -30
734 -30
735 -30
736 -30
737 -30
738 -30
739 -30
740 -30
741 -30
742 -30
743 -30
744 -30
745 -30
746 -30
747 -30
748 -30
749 -30
750 -30
751 -30
752 -30
753 -32
