0 398
1 376
2 354
3 330
4 306
5 324
6 308
7 280
8 298
9 322
10 308
11 332
12 308
13 330
14 356
15 374
16 354
17 368
18 394
19 372
20 350
21 374
22 392
23 392
24 372
25 392
26 392
27 374
28 356
29 338
30 354
31 334
32 312
33 302
34 286
35 304
36 278
37 294
38 294
39 276
40 276
41 252
42 260
43 238
44 222
45 236
46 254
47 226
48 240
49 216
50 216
51 216
52 216
53 202
54 192
55 192
56 178
57 178
58 194
59 180
60 196
61 196
62 212
63 190
64 176
65 186
66 200
67 214
68 214
69 196
70 196
71 178
72 164
73 164
74 142
75 128
76 128
77 110
78 124
79 124
80 114
81 114
82 124
83 124
84 136
85 136
86 118
87 104
88 104
89 92
90 78
91 78
92 72
93 60
94 70
95 70
96 82
97 72
98 80
99 80
100 90
101 90
102 90
103 90
104 90
105 82
106 68
107 76
108 76
109 76
110 76
111 76
112 76
113 68
114 60
115 60
116 60
117 60
118 48
119 48
120 48
121 42
122 42
123 42
124 42
125 34
126 28
127 28
128 24
129 28
130 34
131 34
132 34
133 34
134 34
135 30
136 30
137 24
138 28
139 28
140 28
141 28
142 28
143 28
144 28
145 28
146 26
147 28
148 28
149 28
150 28
151 24
152 28
153 22
154 22
155 22
156 22
157 22
158 22
159 16
160 16
161 16
162 20
163 20
164 20
165 20
166 16
167 16
168 16
169 16
170 16
171 16
172 16
173 14
174 14
175 16
176 16
177 16
178 16
179 16
180 20
181 20
182 20
183 20
184 16
185 16
186 16
187 16
188 16
189 16
190 16
191 16
192 16
193 14
194 14
195 14
196 14
197 14
198 14
199 18
200 18
201 18
202 18
203 16
204 16
205 14
206 18
207 18
208 12
209 14
210 14
211 14
212 6
213 6
214 6
215 6
216 6
217 6
218 6
219 6
220 4
221 4
222 4
223 4
224 4
225 4
226 2
227 2
228 2
229 2
230 2
231 2
232 2
233 -4
234 -4
235 -2
236 0
237 0
238 0
239 0
240 0
241 0
242 0
243 -2
244 -2
245 -2
246 -6
247 -6
248 -6
249 -8
250 -6
251 -6
252 -4
253 -4
254 -4
255 -6
256 -6
257 -6
258 -6
259 -4
260 -4
261 -4
262 -4
263 -2
264 -2
265 -2
266 -4
267 -4
268 -6
269 -4
270 -4
271 -4
272 -4
273 -2
274 -2
275 -2
276 -2
277 -2
278 -2
279 -6
280 -6
281 -6
282 -6
283 -6
284 -6
285 -6
286 -10
287 -10
288 -10
289 -10
290 -10
291 -10
292 -10
293 -10
294 -10
295 -10
296 -10
297 -10
298 -10
299 -10
300 -10
301 -10
302 -10
303 -10
304 -10
305 -10
306 -10
307 -10
308 -10
309 -10
310 -10
311 -10
312 -10
313 -10
314 -10
315 -10
316 -10
317 -10
318 -10
319 -10
320 -10
321 -10
322 -10
323 -10
324 -10
325 -10
326 -10
327 -10
328 -10
329 -10
330 -10
331 -10
332 -10
333 -10
334 -10
335 -10
336 -10
337 -10
338 -10
339 -10
340 -10
341 -10
342 -10
343 -10
344 -10
345 -10
346 -10
347 -10
348 -10
349 -10
350 -10
351 -10
352 -10
353 -10
354 -10
355 -10
356 -10
357 -10
358 -10
359 -10
360 -10
361 -10
362 -10
363 -10
364 -10
365 -10
366 -10
367 -10
368 -10
369 -10
370 -10
371 -10
372 -10
373 -10
374 -10
375 -10
376 -10
377 -10
378 -10
379 -10
380 -10
381 -10
382 -10
383 -10
384 -10
385 -10
386 -12
387 -12
388 -12
389 -12
390 -12
391 -12
392 -12
393 -12
394 -12
395 -12
396 -12
397 -12
398 -12
399 -12
400 -12
401 -12
402 -12
403 -12
404 -12
405 -12
406 -12
407 -12
408 -12
409 -12
410 -12
411 -12
412 -12
413 -12
414 -12
415 -12
416 -12
417 -12
418 -12
419 -12
420 -12
421 -12
422 -12
423 -12
424 -12
425 -12
426 -12
427 -12
428 -12
429 -12
430 -12
431 -12
432 -12
433 -12
434 -12
435 -12
436 -12
437 -12
438 -12
439 -12
440 -12
441 -12
442 -12
443 -12
444 -12
445 -12
446 -12
447 -12
448 -12
449 -12
450 -12
451 -12
452 -12
453 -12
454 -12
455 -12
456 -12
457 -12
458 -12
459 -12
460 -12
461 -12
462 -12
463 -12
464 -12
465 -12
466 -12
467 -12
468 -12
469 -12
470 -12
471 -12
472 -12
473 -12
474 -12
475 -12
476 -12
477 -12
478 -12
479 -12
480 -12
481 -12
482 -12
483 -12
484 -12
485 -12
486 -12
487 -12
488 -12
489 -12
490 -12
491 -12
492 -12
493 -12
494 -12
495 -12
496 -12
497 -12
498 -12
499 -12
500 -12
501 -12
502 -12
503 -12
504 -12
505 -12
506 -12
507 -12
508 -12
509 -12
510 -12
511 -12
512 -12
513 -12
514 -12
515 -12
516 -12
517 -12
518 -12
519 -12
520 -12
521 -12
522 -12
523 -12
524 -12
525 -12
526 -12
527 -12
528 -12
529 -12
530 -12
531 -12
532 -12
533 -12
534 -12
535 -12
536 -12
537 -12
538 -12
539 -12
540 -12
541 -12
542 -12
543 -12
544 -12
545 -12
546 -12
547 -12
548 -12
549 -12
550 -12
551 -12
552 -12
553 -12
554 -12
555 -12
556 -12
557 -12
558 -12
559 -12
560 -12
561 -12
562 -12
563 -12
564 -12
565 -12
566 -12
567 -12
568 -12
569 -12
570 -12
571 -12
572 -12
573 -12
574 -12
575 -12
576 -12
577 -12
578 -12
579 -12
580 -12
581 -12
582 -12
583 -12
584 -12
585 -12
586 -12
587 -12
588 -12
589 -12
590 -12
591 -12
592 -12
593 -12
594 -12
595 -12
596 -12
597 -12
598 -12
599 -12
600 -12
601 -12
602 -12
603 -12
604 -12
605 -12
606 -12
607 -12
608 -12
609 -12
610 -12
611 -12
612 -12
613 -12
614 -12
615 -12
616 -12
617 -12
618 -12
619 -12
620 -12
621 -12
622 -12
623 -12
624 -12
625 -12
626 -12
627 -12
628 -12
629 -12
630 -12
631 -12
632 -12
633 -12
634 -12
635 -12
636 -12
637 -12
638 -12
639 -12
640 -12
641 -12
642 -12
643 -12
644 -12
645 -12
646 -12
647 -12
648 -12
649 -12
650 -12
651 -12
652 -12
653 -12
654 -12
655 -12
656 -12
657 -12
658 -12
659 -12
660 -12
661 -12
662 -12
663 -12
664 -12
665 -12
666 -12
667 -12
668 -12
669 -12
670 -12
671 -12
672 -12
673 -12
674 -12
675 -12
676 -12
677 -12
678 -12
679 -12
680 -12
681 -12
682 -12
683 -12
684 -12
685 -12
686 -12
687 -12
688 -12
689 -12
690 -12
691 -12
692 -12
693 -12
694 -12
695 -12
696 -12
697 -12
698 -12
699 -12
700 -12
701 -12
702 -12
703 -12
704 -12
705 -12
706 -12
707 -12
708 -12
709 -12
710 -12
711 -12
712 -12
713 -12
714 -12
715 -12
716 -12
717 -12
718 -14
719 -14
720 -14
721 -14
722 -14
723 -14
724 -14
725 -14
726 -14
727 -14
728 -14
729 -14
730 -14
731 -14
732 -14
733 -14
734 -14
735 -14
736 -14
737 -14
738 -14
739 -14
740 -14
741 -14
742 -14
743 -14
744 -14
745 -14
746 -14
747 -14
748 -14
749 -14
750 -14
751 -14
752 -14
753 -14
754 -14
755 -14
756 -14
757 -14
758 -14
759 -14
760 -14
761 -14
762 -14
763 -14
764 -14
765 -14
766 -14
767 -14
768 -14
769 -14
770 -14
771 -14
772 -14
773 -14
774 -14
775 -14
776 -14
777 -14
778 -14
779 -14
780 -14
781 -14
782 -14
783 -14
784 -14
785 -14
786 -14
787 -14
788 -14
789 -14
790 -14
791 -14
792 -14
793 -14
794 -14
795 -14
796 -14
797 -14
798 -14
799 -14
800 -14
801 -14
802 -14
803 -14
804 -14
805 -14
806 -14
807 -14
808 -14
809 -14
810 -14
811 -14
812 -14
813 -14
814 -14
815 -14
816 -14
817 -14
818 -14
819 -14
820 -14
821 -14
822 -14
823 -14
824 -14
825 -14
826 -16
