0 -6
1 -6
2 -4
3 -2
4 -4
5 -6
6 -4
7 0
8 4
9 6
10 2
11 -2
12 0
13 -4
14 2
15 6
16 2
17 0
18 2
19 8
20 2
21 2
22 -2
23 6
24 2
25 6
26 10
27 6
28 6
29 12
30 6
31 0
32 -2
33 -2
34 4
35 4
36 -2
37 4
38 12
39 4
40 10
41 6
42 0
43 4
44 4
45 8
46 10
47 18
48 26
49 20
50 10
51 18
52 26
53 20
54 28
55 28
56 18
57 10
58 4
59 4
60 0
61 2
62 8
63 4
64 0
65 4
66 8
67 14
68 6
69 2
70 0
71 -2
72 -4
73 0
74 -4
75 0
76 0
77 0
78 -6
79 -2
80 4
81 -2
82 4
83 4
84 4
85 -2
86 2
87 2
88 0
89 0
90 -4
91 -4
92 0
93 0
94 0
95 0
96 2
97 6
98 6
99 6
100 2
101 -2
102 2
103 2
104 2
105 -2
106 -2
107 -2
108 2
109 6
110 2
111 6
112 10
113 10
114 10
115 6
116 4
117 6
118 10
119 6
120 6
121 2
122 2
123 2
124 2
125 2
126 0
127 2
128 0
129 0
130 -2
131 0
132 -2
133 0
134 2
135 2
136 0
137 0
138 0
139 2
140 2
141 2
142 2
143 4
144 4
145 0
146 0
147 0
148 0
149 0
150 -2
151 -2
152 -2
153 -2
154 -2
155 -2
156 -2
157 0
158 0
159 0
160 0
161 0
162 0
163 0
164 0
165 -6
166 -6
167 -6
168 -4
169 -4
170 -2
171 -2
172 -2
173 -2
174 -4
175 -4
176 -4
177 -6
178 -6
179 -6
180 -6
181 -4
182 -4
183 -2
184 -2
185 -2
186 -2
187 -2
188 -2
189 0
190 2
191 0
192 -2
193 -2
194 -2
195 -2
196 -2
197 -2
198 -2
199 -2
200 -2
201 -2
202 -4
203 -4
204 -4
205 -4
206 -4
207 -4
208 -4
209 -4
210 -4
211 -4
212 -6
213 -6
214 -6
215 -6
216 -6
217 -6
218 -6
219 -6
220 -6
221 -6
222 -6
223 -6
224 -6
225 -6
226 -6
227 -6
228 -6
229 -6
230 -6
231 -6
232 -6
233 -6
234 -6
235 -6
236 -6
237 -6
238 -6
239 -6
240 -6
241 -6
242 -6
243 -6
244 -6
245 -6
246 -6
247 -6
248 -6
249 -6
250 -6
251 -6
252 -6
253 -6
254 -6
255 -6
256 -6
257 -6
258 -6
259 -8
