0 156
1 156
2 156
3 133
4 114
5 98
6 98
7 98
8 98
9 98
10 98
11 88
12 88
13 88
14 88
15 80
16 66
17 66
18 66
19 49
20 49
21 49
22 49
23 49
24 49
25 49
26 39
27 39
28 33
29 28
30 28
31 28
32 28
33 28
34 28
35 28
36 28
37 28
38 28
39 25
40 25
41 25
42 25
43 15
44 15
45 15
46 11
47 11
48 11
49 11
50 11
51 11
52 11
53 11
54 11
55 11
56 11
57 11
58 11
59 5
60 5
61 5
62 5
63 5
64 5
65 5
66 5
67 3
68 3
69 3
70 3
71 1
72 1
73 1
74 1
75 1
76 1
77 1
78 1
79 1
80 1
81 1
82 1
83 -3
84 -3
85 -3
86 -3
87 -6
88 -6
89 -6
90 -6
91 -6
92 -6
93 -6
94 -6
95 -6
96 -6
97 -6
98 -6
99 -6
100 -6
101 -6
102 -6
103 -6
104 -6
105 -6
106 -6
107 -6
108 -6
109 -6
110 -6
111 -6
112 -6
113 -6
114 -6
115 -6
116 -6
117 -6
118 -6
119 -6
120 -6
121 -8
122 -8
123 -8
124 -8
125 -8
126 -8
127 -8
128 -8
129 -8
130 -8
131 -8
132 -8
133 -8
134 -8
135 -8
136 -8
137 -8
138 -8
139 -8
140 -8
141 -8
142 -8
143 -8
144 -8
145 -8
146 -8
147 -8
148 -8
149 -8
150 -8
151 -8
152 -8
153 -8
154 -8
155 -8
156 -8
157 -8
158 -8
159 -8
160 -8
161 -8
162 -8
163 -8
164 -8
165 -8
166 -8
167 -8
168 -8
169 -8
170 -8
171 -8
172 -8
173 -8
174 -8
175 -8
176 -8
177 -8
178 -8
179 -8
180 -8
181 -8
182 -8
183 -8
184 -8
185 -8
186 -8
187 -8
188 -8
189 -8
190 -8
191 -8
192 -8
193 -8
194 -8
195 -8
196 -8
197 -8
198 -8
199 -8
200 -8
201 -8
202 -8
203 -8
204 -8
205 -8
206 -8
207 -8
208 -8
209 -8
210 -8
211 -8
212 -8
213 -8
214 -8
215 -8
216 -8
217 -8
218 -8
219 -8
220 -8
221 -8
222 -8
223 -8
224 -8
225 -8
226 -8
227 -8
228 -8
229 -8
230 -8
231 -8
232 -8
233 -8
234 -8
235 -8
236 -8
237 -8
238 -8
239 -8
240 -8
241 -8
242 -8
243 -8
244 -8
245 -8
246 -8
247 -8
248 -8
249 -8
250 -8
251 -8
252 -8
253 -8
254 -8
255 -8
256 -8
257 -8
258 -8
259 -8
260 -8
261 -8
262 -8
263 -8
264 -8
265 -8
266 -8
267 -8
268 -8
269 -8
270 -8
271 -8
272 -8
273 -8
274 -8
275 -8
276 -8
277 -8
278 -8
279 -8
280 -8
281 -8
282 -8
283 -8
284 -8
285 -8
286 -8
287 -8
288 -8
289 -8
290 -8
291 -8
292 -8
293 -8
294 -8
295 -8
296 -8
297 -8
298 -8
299 -8
300 -8
301 -8
302 -8
303 -8
304 -8
305 -8
306 -8
307 -8
308 -8
309 -8
310 -8
311 -8
312 -8
313 -8
314 -8
315 -8
316 -8
317 -8
318 -8
319 -8
320 -8
321 -8
322 -8
323 -8
324 -8
325 -8
326 -8
327 -8
328 -8
329 -8
330 -8
331 -8
332 -8
333 -8
334 -8
335 -8
336 -8
337 -8
338 -8
339 -8
340 -8
341 -8
342 -8
343 -8
344 -8
345 -8
346 -8
347 -8
348 -8
349 -8
350 -8
351 -8
352 -8
353 -8
354 -8
355 -8
356 -8
357 -8
358 -8
359 -8
360 -8
361 -8
362 -8
363 -8
364 -8
365 -8
366 -8
367 -8
368 -8
369 -8
370 -8
371 -8
372 -8
373 -8
374 -8
375 -8
376 -8
377 -8
378 -8
379 -8
380 -8
381 -8
382 -8
383 -8
384 -8
385 -8
386 -8
387 -8
388 -8
389 -8
390 -8
391 -8
392 -8
393 -8
394 -8
395 -8
396 -8
397 -8
398 -8
399 -8
400 -8
401 -8
402 -8
403 -8
404 -8
405 -8
406 -8
407 -8
408 -8
409 -8
410 -8
411 -8
412 -8
413 -8
414 -8
415 -8
416 -8
417 -8
418 -8
419 -8
420 -8
421 -8
422 -8
423 -8
424 -8
425 -8
426 -8
427 -8
428 -8
429 -8
430 -8
431 -8
432 -8
433 -8
434 -8
435 -8
436 -8
437 -8
438 -8
439 -8
440 -8
441 -8
442 -8
443 -8
444 -8
445 -8
446 -8
447 -8
448 -8
449 -8
450 -8
451 -8
452 -8
453 -8
454 -8
455 -8
456 -10
457 -10
458 -10
459 -10
460 -10
461 -10
462 -10
463 -10
464 -10
465 -10
466 -10
467 -10
468 -10
469 -10
470 -10
471 -10
472 -10
473 -10
474 -10
475 -10
476 -10
477 -10
478 -10
479 -10
480 -10
481 -10
482 -10
483 -10
484 -10
485 -10
486 -10
487 -10
488 -10
489 -10
490 -10
491 -10
492 -10
493 -10
494 -10
495 -10
496 -10
497 -10
498 -10
499 -10
500 -10
501 -10
502 -10
503 -10
504 -10
505 -10
506 -10
507 -10
508 -10
509 -10
510 -10
511 -10
512 -10
513 -10
514 -10
515 -10
516 -10
517 -10
518 -10
519 -10
520 -10
521 -10
522 -10
523 -10
524 -10
525 -10
526 -10
527 -10
528 -10
529 -10
530 -10
531 -10
532 -10
533 -10
534 -10
535 -10
536 -10
537 -10
538 -10
539 -10
540 -10
541 -10
542 -10
543 -10
544 -10
545 -10
546 -10
547 -10
548 -10
549 -10
550 -10
551 -10
552 -10
553 -10
554 -10
555 -10
556 -10
557 -10
558 -10
559 -10
560 -10
561 -10
562 -10
563 -10
564 -10
565 -10
566 -10
567 -10
568 -10
569 -10
570 -10
571 -10
572 -10
573 -10
574 -10
575 -10
576 -10
577 -10
578 -10
579 -10
580 -10
581 -10
582 -10
583 -10
584 -10
585 -10
586 -10
587 -10
588 -10
589 -10
590 -10
591 -10
592 -10
593 -10
594 -10
595 -10
596 -10
597 -10
598 -10
599 -10
600 -10
601 -10
602 -10
603 -10
604 -10
605 -10
606 -10
607 -10
608 -10
609 -10
610 -10
611 -10
612 -10
613 -10
614 -10
615 -10
616 -10
617 -10
618 -10
619 -10
620 -10
621 -10
622 -10
623 -10
624 -10
625 -10
626 -10
627 -10
628 -10
629 -10
630 -10
631 -10
632 -10
633 -10
634 -10
635 -10
636 -10
637 -10
638 -10
639 -10
640 -10
641 -10
642 -10
643 -10
644 -10
645 -10
646 -10
647 -10
648 -10
649 -10
650 -10
651 -10
652 -10
653 -10
654 -10
655 -10
656 -10
657 -10
658 -10
659 -10
660 -10
661 -10
662 -10
663 -10
664 -10
665 -10
666 -10
667 -10
668 -10
669 -10
670 -10
671 -10
672 -10
673 -10
674 -10
675 -10
676 -10
677 -10
678 -10
679 -10
680 -10
681 -10
682 -10
683 -10
684 -10
685 -10
686 -10
687 -10
688 -10
689 -10
690 -10
691 -10
692 -10
693 -10
694 -10
695 -10
696 -10
697 -10
698 -10
699 -10
700 -10
701 -10
702 -10
703 -10
704 -10
705 -10
706 -10
707 -10
708 -10
709 -10
710 -10
711 -10
712 -10
713 -10
714 -10
715 -10
716 -10
717 -10
718 -10
719 -10
720 -10
721 -10
722 -10
723 -10
724 -10
725 -10
726 -10
727 -10
728 -10
729 -10
730 -10
731 -10
732 -10
733 -10
734 -10
735 -10
736 -10
737 -10
738 -10
739 -10
740 -10
741 -10
742 -10
743 -10
744 -10
745 -10
746 -10
747 -10
748 -10
749 -10
750 -10
751 -10
752 -10
753 -10
754 -10
755 -10
756 -10
757 -10
758 -10
759 -10
760 -10
761 -10
762 -10
763 -10
764 -10
765 -10
766 -10
767 -10
768 -10
769 -10
770 -10
771 -10
772 -10
773 -10
774 -10
775 -10
776 -10
777 -10
778 -10
779 -10
780 -10
781 -10
782 -10
783 -10
784 -10
785 -10
786 -10
787 -10
788 -10
789 -10
790 -10
791 -10
792 -10
793 -10
794 -10
795 -10
796 -10
797 -10
798 -10
799 -10
800 -10
801 -10
802 -10
803 -10
804 -10
805 -10
806 -10
807 -10
808 -10
809 -10
810 -10
811 -10
812 -10
813 -10
814 -10
815 -10
816 -10
817 -10
818 -10
819 -10
820 -10
821 -10
822 -10
823 -10
824 -10
825 -10
826 -10
827 -10
828 -10
829 -10
830 -10
831 -10
832 -10
833 -10
834 -10
835 -10
836 -10
837 -10
838 -10
839 -10
840 -10
841 -10
842 -10
843 -10
844 -10
845 -10
846 -10
847 -10
848 -10
849 -10
850 -10
851 -10
852 -10
853 -10
854 -10
855 -10
856 -10
857 -10
858 -10
859 -12
