0 -10
1 -4
2 4
3 4
4 4
5 -4
6 2
7 2
8 4
9 4
10 -4
11 -4
12 2
13 2
14 6
15 6
16 16
17 16
18 16
19 16
20 16
21 16
22 16
23 16
24 16
25 16
26 16
27 16
28 14
29 14
30 12
31 12
32 12
33 12
34 12
35 12
36 12
37 12
38 12
39 12
40 12
41 12
42 4
43 4
44 2
45 2
46 2
47 2
48 2
49 2
50 2
51 2
52 2
53 2
54 2
55 0
56 0
57 0
58 0
59 0
60 0
61 0
62 0
63 0
64 0
65 0
66 0
67 0
68 -4
69 -4
70 -4
71 -4
72 -4
73 -4
74 -4
75 -4
76 -4
77 -4
78 -4
79 -4
80 -4
81 -4
82 -4
83 -4
84 -4
85 -8
86 -8
87 -8
88 -8
89 -8
90 -8
91 -8
92 -8
93 -8
94 -10
95 -10
96 -10
97 -10
98 -10
99 -10
100 -10
101 -10
102 -10
103 -10
104 -10
105 -10
106 -10
107 -10
108 -10
109 -10
110 -10
111 -10
112 -10
113 -10
114 -10
115 -10
116 -10
117 -10
118 -10
119 -10
120 -10
121 -10
122 -10
123 -10
124 -10
125 -10
126 -10
127 -10
128 -10
129 -10
130 -10
131 -10
132 -10
133 -10
134 -10
135 -10
136 -10
137 -10
138 -10
139 -10
140 -10
141 -10
142 -10
143 -10
144 -10
145 -10
146 -10
147 -10
148 -10
149 -10
150 -10
151 -10
152 -10
153 -10
154 -10
155 -10
156 -10
157 -10
158 -10
159 -10
160 -10
161 -10
162 -10
163 -10
164 -10
165 -10
166 -10
167 -10
168 -10
169 -10
170 -10
171 -10
172 -10
173 -10
174 -10
175 -10
176 -10
177 -10
178 -10
179 -10
180 -10
181 -10
182 -10
183 -10
184 -10
185 -10
186 -10
187 -10
188 -10
189 -10
190 -10
191 -10
192 -10
193 -10
194 -10
195 -10
196 -10
197 -10
198 -10
199 -10
200 -10
201 -10
202 -10
203 -10
204 -10
205 -10
206 -10
207 -10
208 -10
209 -10
210 -10
211 -10
212 -10
213 -10
214 -10
215 -10
216 -10
217 -10
218 -10
219 -10
220 -10
221 -10
222 -10
223 -10
224 -10
225 -10
226 -10
227 -10
228 -10
229 -10
230 -10
231 -10
232 -10
233 -10
234 -10
235 -10
236 -10
237 -10
238 -10
239 -10
240 -10
241 -10
242 -10
243 -10
244 -10
245 -10
246 -10
247 -10
248 -10
249 -10
250 -12
251 -12
252 -12
253 -12
254 -12
255 -12
256 -12
257 -12
258 -12
259 -12
260 -12
261 -12
262 -12
263 -12
264 -12
265 -12
266 -12
267 -12
268 -12
269 -12
270 -12
271 -12
272 -12
273 -12
274 -12
275 -12
276 -12
277 -12
278 -12
279 -12
280 -12
281 -12
282 -12
283 -12
284 -12
285 -12
286 -12
287 -12
288 -12
289 -12
290 -12
291 -12
292 -12
293 -12
294 -12
295 -12
296 -12
297 -12
298 -12
299 -12
300 -12
301 -12
302 -12
303 -12
304 -12
305 -12
306 -12
307 -12
308 -12
309 -12
310 -12
311 -12
312 -12
313 -12
314 -12
315 -12
316 -12
317 -12
318 -12
319 -12
320 -12
321 -12
322 -12
323 -12
324 -12
325 -12
326 -12
327 -12
328 -12
329 -12
330 -12
331 -12
332 -12
333 -12
334 -12
335 -12
336 -12
337 -12
338 -12
339 -12
340 -12
341 -12
342 -12
343 -12
344 -12
345 -12
346 -12
347 -12
348 -12
349 -12
350 -12
351 -12
352 -12
353 -12
354 -12
355 -12
356 -12
357 -12
358 -12
359 -12
360 -12
361 -12
362 -12
363 -12
364 -12
365 -12
366 -12
367 -12
368 -12
369 -12
370 -12
371 -12
372 -12
373 -12
374 -12
375 -12
376 -12
377 -12
378 -12
379 -12
380 -12
381 -12
382 -12
383 -12
384 -12
385 -12
386 -12
387 -12
388 -12
389 -12
390 -12
391 -12
392 -12
393 -12
394 -12
395 -14
396 -14
397 -14
398 -14
399 -14
400 -14
401 -14
402 -14
403 -14
404 -14
405 -14
406 -14
407 -14
408 -14
409 -14
410 -14
411 -14
412 -14
413 -14
414 -14
415 -14
416 -14
417 -14
418 -14
419 -14
420 -14
421 -14
422 -14
423 -14
424 -14
425 -14
426 -14
427 -14
428 -14
429 -14
430 -14
431 -14
432 -14
433 -14
434 -14
435 -14
436 -14
437 -14
438 -14
439 -14
440 -14
441 -14
442 -14
443 -14
444 -14
445 -14
446 -14
447 -14
448 -14
449 -14
450 -14
451 -14
452 -14
453 -14
454 -14
455 -14
456 -14
457 -14
458 -14
459 -14
460 -14
461 -14
462 -14
463 -14
464 -14
465 -14
466 -14
467 -14
468 -14
469 -14
470 -14
471 -14
472 -14
473 -14
474 -14
475 -14
476 -14
477 -14
478 -14
479 -14
480 -14
481 -14
482 -14
483 -14
484 -14
485 -14
486 -14
487 -14
488 -14
489 -14
490 -14
491 -14
492 -14
493 -14
494 -14
495 -14
496 -14
497 -14
498 -14
499 -14
500 -14
501 -14
502 -14
503 -14
504 -14
505 -14
506 -14
507 -14
508 -14
509 -14
510 -14
511 -14
512 -14
513 -14
514 -14
515 -14
516 -14
517 -14
518 -14
519 -14
520 -14
521 -14
522 -14
523 -14
524 -14
525 -14
526 -14
527 -14
528 -14
529 -14
530 -14
531 -14
532 -14
533 -14
534 -14
535 -14
536 -14
537 -14
538 -14
539 -14
540 -14
541 -14
542 -14
543 -14
544 -14
545 -14
546 -14
547 -14
548 -14
549 -14
550 -14
551 -14
552 -14
553 -14
554 -14
555 -14
556 -14
557 -14
558 -14
559 -14
560 -14
561 -14
562 -14
563 -14
564 -14
565 -14
566 -14
567 -14
568 -14
569 -14
570 -14
571 -14
572 -14
573 -14
574 -14
575 -14
576 -14
577 -14
578 -14
579 -14
580 -14
581 -14
582 -14
583 -14
584 -14
585 -14
586 -14
587 -14
588 -14
589 -14
590 -14
591 -14
592 -14
593 -14
594 -14
595 -14
596 -14
597 -14
598 -14
599 -14
600 -14
601 -14
602 -14
603 -14
604 -14
605 -14
606 -14
607 -14
608 -14
609 -14
610 -14
611 -14
612 -14
613 -14
614 -14
615 -14
616 -14
617 -14
618 -14
619 -14
620 -14
621 -14
622 -14
623 -14
624 -14
625 -14
626 -14
627 -14
628 -14
629 -14
630 -14
631 -14
632 -14
633 -14
634 -14
635 -14
636 -14
637 -14
638 -14
639 -14
640 -14
641 -14
642 -14
643 -14
644 -14
645 -14
646 -14
647 -14
648 -14
649 -14
650 -14
651 -14
652 -14
653 -14
654 -14
655 -14
656 -14
657 -14
658 -14
659 -14
660 -14
661 -14
662 -14
663 -14
664 -14
665 -14
666 -14
667 -14
668 -14
669 -14
670 -14
671 -14
672 -14
673 -14
674 -14
675 -14
676 -14
677 -14
678 -14
679 -14
680 -14
681 -14
682 -14
683 -14
684 -14
685 -14
686 -14
687 -14
688 -14
689 -14
690 -14
691 -14
692 -14
693 -14
694 -14
695 -14
696 -14
697 -14
698 -14
699 -14
700 -14
701 -14
702 -14
703 -14
704 -14
705 -14
706 -14
707 -14
708 -14
709 -14
710 -14
711 -14
712 -14
713 -14
714 -14
715 -14
716 -14
717 -14
718 -14
719 -14
720 -14
721 -14
722 -14
723 -14
724 -14
725 -14
726 -14
727 -14
728 -14
729 -14
730 -14
731 -14
732 -14
733 -14
734 -14
735 -14
736 -14
737 -14
738 -14
739 -14
740 -14
741 -14
742 -14
743 -14
744 -14
745 -14
746 -14
747 -14
748 -14
749 -14
750 -14
751 -14
752 -14
753 -14
754 -14
755 -14
756 -14
757 -14
758 -14
759 -14
760 -14
761 -14
762 -14
763 -14
764 -14
765 -14
766 -14
767 -14
768 -14
769 -14
770 -14
771 -14
772 -14
773 -14
774 -14
775 -14
776 -14
777 -14
778 -14
779 -14
780 -14
781 -14
782 -14
783 -14
784 -14
785 -14
786 -14
787 -14
788 -14
789 -14
790 -14
791 -14
792 -14
793 -14
794 -14
795 -14
796 -14
797 -14
798 -14
799 -14
800 -14
801 -14
802 -14
803 -14
804 -14
805 -14
806 -14
807 -14
808 -14
809 -14
810 -14
811 -14
812 -14
813 -14
814 -14
815 -14
816 -14
817 -14
818 -14
819 -14
820 -14
821 -14
822 -14
823 -14
824 -14
825 -14
826 -14
827 -14
828 -14
829 -14
830 -14
831 -14
832 -14
833 -14
834 -14
835 -14
836 -14
837 -14
838 -14
839 -14
840 -14
841 -14
842 -14
843 -14
844 -14
845 -14
846 -14
847 -14
848 -14
849 -14
850 -14
851 -14
852 -14
853 -14
854 -14
855 -14
856 -14
857 -14
858 -14
859 -14
860 -14
861 -14
862 -14
863 -14
864 -14
865 -14
866 -14
867 -14
868 -14
869 -14
870 -14
871 -14
872 -14
873 -14
874 -14
875 -14
876 -14
877 -14
878 -14
879 -14
880 -14
881 -14
882 -14
883 -14
884 -14
885 -14
886 -14
887 -14
888 -14
889 -14
890 -14
891 -14
892 -14
893 -14
894 -14
895 -14
896 -14
897 -14
898 -14
899 -14
900 -14
901 -14
902 -14
903 -14
904 -14
905 -14
906 -14
907 -14
908 -14
909 -14
910 -14
911 -14
912 -14
913 -14
914 -14
915 -14
916 -14
917 -14
918 -14
919 -14
920 -14
921 -14
922 -14
923 -14
924 -14
925 -14
926 -14
927 -14
928 -14
929 -14
930 -14
931 -14
932 -14
933 -14
934 -14
935 -14
936 -14
937 -14
938 -14
939 -14
940 -14
941 -14
942 -14
943 -14
944 -14
945 -14
946 -14
947 -14
948 -14
949 -14
950 -14
951 -14
952 -14
953 -14
954 -14
955 -14
956 -14
957 -14
958 -14
959 -14
960 -14
961 -14
962 -14
963 -14
964 -14
965 -14
966 -14
967 -14
968 -14
969 -14
970 -14
971 -14
972 -14
973 -14
974 -14
975 -14
976 -14
977 -14
978 -14
979 -14
980 -14
981 -14
982 -14
983 -14
984 -14
985 -14
986 -14
987 -14
988 -14
989 -14
990 -14
991 -14
992 -14
993 -14
994 -14
995 -14
996 -14
997 -14
998 -14
999 -14
1000 -14
1001 -14
1002 -14
1003 -14
1004 -14
1005 -14
1006 -14
1007 -14
1008 -14
1009 -14
1010 -14
1011 -14
1012 -14
1013 -14
1014 -14
1015 -14
1016 -14
1017 -14
1018 -14
1019 -14
1020 -14
1021 -14
1022 -14
1023 -14
1024 -14
1025 -14
1026 -14
1027 -14
1028 -14
1029 -14
1030 -14
1031 -14
1032 -14
1033 -14
1034 -14
1035 -14
1036 -14
1037 -14
1038 -14
1039 -14
1040 -14
1041 -14
1042 -14
1043 -14
1044 -14
1045 -14
1046 -14
1047 -14
1048 -14
1049 -14
1050 -14
1051 -14
1052 -14
1053 -14
1054 -14
1055 -14
1056 -14
1057 -14
1058 -14
1059 -14
1060 -14
1061 -14
1062 -14
1063 -14
1064 -14
1065 -14
1066 -14
1067 -14
1068 -14
1069 -14
1070 -14
1071 -14
1072 -14
1073 -14
1074 -14
1075 -14
1076 -14
1077 -14
1078 -14
1079 -14
1080 -14
1081 -14
1082 -14
1083 -14
1084 -14
1085 -14
1086 -14
1087 -14
1088 -14
1089 -14
1090 -14
1091 -14
1092 -14
1093 -14
1094 -14
1095 -14
1096 -14
1097 -14
1098 -14
1099 -14
1100 -14
1101 -14
1102 -14
1103 -14
1104 -14
1105 -14
1106 -14
1107 -14
1108 -14
1109 -14
1110 -14
1111 -14
1112 -14
1113 -14
1114 -14
1115 -14
1116 -14
1117 -14
1118 -14
1119 -14
1120 -14
1121 -14
1122 -14
1123 -14
1124 -14
1125 -14
1126 -14
1127 -14
1128 -14
1129 -16
