0 -6
1 -4
2 -4
3 0
4 2
5 0
6 2
7 2
8 0
9 0
10 2
11 8
12 2
13 6
14 12
15 18
16 10
17 18
18 26
19 40
20 34
21 26
22 32
23 24
24 30
25 40
26 32
27 40
28 50
29 40
30 50
31 62
32 46
33 36
34 30
35 22
36 18
37 24
38 14
39 12
40 20
41 12
42 4
43 8
44 14
45 8
46 2
47 6
48 12
49 20
50 14
51 10
52 2
53 10
54 16
55 6
56 12
57 18
58 26
59 18
60 26
61 18
62 12
63 8
64 14
65 6
66 10
67 16
68 12
69 20
70 26
71 20
72 26
73 18
74 12
75 6
76 0
77 4
78 10
79 6
80 14
81 20
82 30
83 20
84 14
85 10
86 14
87 18
88 26
89 40
90 52
91 40
92 32
93 42
94 50
95 42
96 30
97 20
98 30
99 20
100 14
101 20
102 14
103 6
104 10
105 18
106 12
107 16
108 8
109 16
110 8
111 16
112 10
113 16
114 10
115 4
116 0
117 8
118 14
119 10
120 6
121 12
122 16
123 20
124 26
125 20
126 30
127 36
128 46
129 62
130 50
131 38
132 28
133 16
134 10
135 14
136 10
137 18
138 10
139 20
140 28
141 20
142 28
143 20
144 14
145 10
146 14
147 20
148 28
149 36
150 30
151 36
152 26
153 20
154 30
155 40
156 32
157 24
158 32
159 42
160 34
161 26
162 20
163 26
164 18
165 24
166 28
167 20
168 28
169 20
170 28
171 20
172 14
173 18
174 26
175 34
176 26
177 34
178 26
179 38
180 48
181 36
182 48
183 40
184 40
185 30
186 18
187 10
188 16
189 26
190 38
191 30
192 20
193 12
194 10
195 2
196 8
197 14
198 22
199 28
200 20
201 12
202 18
203 24
204 34
205 26
206 16
207 22
208 12
209 20
210 12
211 4
212 12
213 20
214 12
215 10
216 6
217 12
218 22
219 16
220 22
221 28
222 14
223 10
224 18
225 26
226 36
227 36
228 28
229 16
230 10
231 6
232 0
233 4
234 8
235 18
236 24
237 36
238 36
239 26
240 36
241 36
242 30
243 30
244 18
245 24
246 34
247 28
248 28
249 18
250 10
251 20
252 28
253 28
254 28
255 16
256 10
257 4
258 6
259 14
260 8
261 2
262 10
263 20
264 14
265 18
266 26
267 22
268 30
269 20
270 10
271 20
272 12
273 16
274 22
275 30
276 30
277 22
278 16
279 8
280 16
281 24
282 24
283 24
284 18
285 26
286 16
287 10
288 20
289 26
290 20
291 20
292 20
293 20
294 20
295 14
296 8
297 12
298 20
299 14
300 22
301 22
302 22
303 22
304 12
305 18
306 14
307 22
308 14
309 10
310 16
311 16
312 8
313 4
314 10
315 14
316 10
317 14
318 22
319 14
320 20
321 20
322 14
323 14
324 20
325 20
326 14
327 6
328 2
329 6
330 0
331 6
332 10
333 18
334 18
335 18
336 14
337 14
338 8
339 16
340 16
341 8
342 4
343 12
344 8
345 4
346 6
347 8
348 14
349 8
350 10
351 18
352 12
353 8
354 4
355 10
356 2
357 8
358 4
359 0
360 2
361 -2
362 -2
363 0
364 4
365 10
366 16
367 16
368 16
369 8
370 6
371 10
372 6
373 12
374 18
375 10
376 12
377 4
378 0
379 0
380 4
381 8
382 4
383 6
384 14
385 6
386 14
387 8
388 12
389 16
390 16
391 16
392 14
393 10
394 6
395 8
396 12
397 12
398 12
399 2
400 10
401 12
402 12
403 10
404 4
405 10
406 2
407 4
408 4
409 12
410 12
411 12
412 8
413 12
414 12
415 12
416 6
417 12
418 8
419 2
420 6
421 2
422 0
423 2
424 0
425 2
426 -2
427 -4
428 -6
429 -4
430 -4
431 -2
432 6
433 12
434 12
435 12
436 12
437 10
438 2
439 0
440 6
441 0
442 0
443 0
444 -4
445 -4
446 0
447 -2
448 2
449 0
450 -2
451 0
452 -2
453 -2
454 -4
455 -2
456 2
457 0
458 0
459 6
460 6
461 2
462 8
463 8
464 8
465 2
466 6
467 10
468 10
469 6
470 6
471 10
472 6
473 6
474 4
475 2
476 4
477 2
478 6
479 10
480 6
481 2
482 4
483 0
484 2
485 4
486 10
487 6
488 6
489 10
490 4
491 0
492 -2
493 -4
494 0
495 2
496 8
497 8
498 2
499 8
500 2
501 2
502 -2
503 4
504 4
505 -2
506 -2
507 2
508 -2
509 -2
510 -2
511 4
512 4
513 0
514 -2
515 0
516 4
517 8
518 8
519 4
520 8
521 4
522 -2
523 0
524 -2
525 2
526 0
527 2
528 -2
529 2
530 8
531 0
532 2
533 2
534 6
535 2
536 6
537 2
538 2
539 8
540 8
541 4
542 0
543 2
544 6
545 2
546 4
547 6
548 4
549 6
550 6
551 6
552 6
553 6
554 6
555 6
556 6
557 6
558 6
559 6
560 6
561 4
562 0
563 2
564 -2
565 -2
566 0
567 6
568 6
569 6
570 6
571 6
572 6
573 6
574 6
575 6
576 6
577 6
578 6
579 6
580 0
581 0
582 2
583 2
584 2
585 0
586 4
587 4
588 4
589 4
590 4
591 4
592 6
593 2
594 6
595 6
596 6
597 4
598 4
599 4
600 4
601 4
602 4
603 2
604 2
605 0
606 0
607 4
608 0
609 4
610 4
611 4
612 4
613 4
614 4
615 4
616 4
617 2
618 2
619 2
620 0
621 -2
622 0
623 0
624 4
625 2
626 2
627 4
628 4
629 4
630 4
631 4
632 4
633 4
634 4
635 4
636 4
637 4
638 0
639 2
640 0
641 0
642 0
643 -4
644 -4
645 2
646 2
647 2
648 0
649 4
650 0
651 -2
652 -4
653 -2
654 4
655 4
656 4
657 4
658 2
659 4
660 4
661 4
662 4
663 4
664 -2
665 2
666 2
667 2
668 2
669 2
670 2
671 0
672 2
673 -2
674 -2
675 -2
676 2
677 0
678 -2
679 0
680 2
681 -4
682 -2
683 -2
684 2
685 -2
686 0
687 -2
688 2
689 2
690 2
691 0
692 0
693 0
694 0
695 0
696 0
697 0
698 0
699 0
700 -2
701 -2
702 -2
703 -2
704 0
705 -2
706 2
707 2
708 2
709 0
710 2
711 2
712 0
713 2
714 -2
715 -2
716 -2
717 0
718 0
719 -2
720 0
721 2
722 2
723 -2
724 0
725 0
726 -2
727 2
728 2
729 2
730 2
731 2
732 0
733 0
734 0
735 0
736 -4
737 -4
738 2
739 2
740 0
741 2
742 2
743 2
744 2
745 2
746 2
747 2
748 2
749 2
750 2
751 2
752 2
753 -2
754 -2
755 -2
756 -2
757 -4
758 0
759 2
760 2
761 2
762 2
763 2
764 2
765 -2
766 -2
767 0
768 2
769 0
770 2
771 2
772 2
773 -2
774 2
775 2
776 0
777 0
778 0
779 0
780 0
781 0
782 -4
783 0
784 2
785 0
786 0
787 0
788 0
789 -2
790 -4
791 -4
792 -2
793 -2
794 2
795 2
796 2
797 0
798 0
799 0
800 0
801 0
802 0
803 0
804 0
805 0
806 0
807 0
808 0
809 0
810 0
811 0
812 0
813 -2
814 2
815 2
816 -2
817 0
818 0
819 0
820 -2
821 0
822 0
823 0
824 0
825 0
826 0
827 0
828 0
829 0
830 0
831 0
832 0
833 0
834 0
835 0
836 0
837 0
838 0
839 -4
840 0
841 -2
842 -2
843 -2
844 -2
845 -2
846 0
847 -2
848 -2
849 -2
850 -2
851 -2
852 -2
853 -2
854 -6
855 -4
856 -4
857 -4
858 -2
859 -2
860 0
861 0
862 0
863 0
864 -2
865 -2
866 -4
867 -4
868 -2
869 -2
870 -2
871 -2
872 -2
873 -2
874 -4
875 -4
876 0
877 -2
878 0
879 -2
880 -2
881 0
882 -2
883 -2
884 0
885 0
886 -4
887 -2
888 -2
889 -4
890 -6
891 -2
892 -6
893 -2
894 -2
895 -4
896 0
897 -2
898 0
899 -2
900 -4
901 -2
902 -2
903 -2
904 -4
905 -4
906 -4
907 -4
908 0
909 -4
910 0
911 0
912 0
913 0
914 -4
915 -2
916 -2
917 -4
918 -4
919 -4
920 -2
921 -2
922 -2
923 -2
924 -2
925 -2
926 -2
927 0
928 -2
929 -2
930 -2
931 -4
932 -2
933 0
934 0
935 -2
936 -2
937 -2
938 -2
939 0
940 0
941 0
942 0
943 0
944 0
945 -4
946 -2
947 -2
948 -2
949 -4
950 -2
951 0
952 0
953 0
954 -2
955 0
956 0
957 0
958 -2
959 0
960 0
961 0
962 0
963 -2
964 -2
965 -2
966 0
967 0
968 0
969 -2
970 0
971 0
972 0
973 0
974 0
975 0
976 0
977 0
978 0
979 0
980 -4
981 -2
982 -4
983 0
984 0
985 0
986 0
987 0
988 0
989 0
990 -4
991 0
992 0
993 0
994 -4
995 -2
996 0
997 0
998 -2
999 -2
1000 0
1001 0
1002 0
1003 0
1004 -2
1005 0
1006 0
1007 0
1008 0
1009 0
1010 0
1011 -2
1012 -4
1013 0
1014 0
1015 0
1016 0
1017 0
1018 0
1019 0
1020 -4
1021 -2
1022 -2
1023 -2
1024 0
1025 0
1026 -2
1027 0
1028 0
1029 -4
1030 0
1031 -2
1032 0
1033 0
1034 0
1035 -2
1036 0
1037 0
1038 -2
1039 -4
1040 -2
1041 0
1042 0
1043 0
1044 0
1045 0
1046 0
1047 0
1048 0
1049 0
1050 0
1051 0
1052 -4
1053 -4
1054 0
1055 0
1056 0
1057 0
1058 0
1059 0
1060 0
1061 0
1062 0
1063 -2
1064 -4
1065 -2
1066 0
1067 0
1068 0
1069 0
1070 0
1071 0
1072 0
1073 0
1074 -2
1075 0
1076 0
1077 0
1078 0
1079 -2
1080 -4
1081 -2
1082 -2
1083 -2
1084 -2
1085 -2
1086 -4
1087 0
1088 -4
1089 0
1090 -4
1091 -2
1092 -2
1093 -2
1094 -6
1095 -2
1096 -2
1097 -2
1098 -2
1099 -2
1100 -2
1101 -2
1102 -2
1103 -4
1104 -4
1105 0
1106 0
1107 0
1108 0
1109 0
1110 0
1111 0
1112 -2
1113 0
1114 0
1115 0
1116 0
1117 0
1118 0
1119 0
1120 0
1121 0
1122 0
1123 0
1124 0
1125 0
1126 0
1127 0
1128 0
1129 -4
1130 -6
1131 -4
1132 -6
1133 -4
1134 -4
1135 -4
1136 0
1137 0
1138 0
1139 -4
1140 -4
1141 -4
1142 0
1143 -2
1144 -2
1145 -2
1146 -2
1147 0
1148 -2
1149 -4
1150 -4
1151 -2
1152 -4
1153 -4
1154 -2
1155 -2
1156 0
1157 0
1158 -2
1159 -2
1160 -2
1161 -2
1162 -2
1163 -2
1164 -2
1165 -6
1166 -6
1167 -4
1168 -4
1169 -6
1170 -6
1171 -4
1172 -2
1173 0
1174 0
1175 0
1176 0
1177 0
1178 0
1179 0
1180 0
1181 0
1182 0
1183 0
1184 0
1185 0
1186 -2
1187 -2
1188 -2
1189 -2
1190 0
1191 0
1192 0
1193 -4
1194 -6
1195 -4
1196 -6
1197 -4
1198 -4
1199 -4
1200 -4
1201 -4
1202 -6
1203 -4
1204 -2
1205 -2
1206 -2
1207 -2
1208 -2
1209 -4
1210 -4
1211 -2
1212 0
1213 0
1214 0
1215 0
1216 0
1217 0
1218 0
1219 0
1220 -2
1221 0
1222 0
1223 -2
1224 0
1225 0
1226 0
1227 0
1228 0
1229 0
1230 0
1231 -2
1232 -2
1233 -2
1234 -4
1235 -4
1236 -2
1237 -2
1238 -4
1239 -6
1240 -4
1241 0
1242 0
1243 0
1244 0
1245 0
1246 0
1247 0
1248 0
1249 0
1250 0
1251 0
1252 0
1253 -2
1254 -2
1255 -2
1256 -2
1257 -2
1258 -2
1259 -4
1260 -4
1261 -4
1262 0
1263 0
1264 0
1265 0
1266 0
1267 0
1268 0
1269 0
1270 0
1271 0
1272 0
1273 0
1274 0
1275 -2
1276 -2
1277 -2
1278 -2
1279 -2
1280 -2
1281 -4
1282 0
1283 -4
1284 -6
1285 -4
1286 -2
1287 -2
1288 -2
1289 -2
1290 -4
1291 -4
1292 0
1293 0
1294 0
1295 -2
1296 0
1297 0
1298 0
1299 0
1300 0
1301 0
1302 0
1303 0
1304 0
1305 -4
1306 0
1307 0
1308 -4
1309 -4
1310 -4
1311 0
1312 0
1313 0
1314 0
1315 0
1316 -4
1317 -4
1318 -4
1319 0
1320 -4
1321 -2
1322 -2
1323 0
1324 0
1325 -4
1326 0
1327 0
1328 0
1329 -2
1330 -2
1331 0
1332 0
1333 0
1334 0
1335 0
1336 0
1337 0
1338 0
1339 -2
1340 -4
1341 -4
1342 -2
1343 -2
1344 -2
1345 -2
1346 -2
1347 -2
1348 -2
1349 0
1350 -2
1351 -2
1352 -4
1353 -2
1354 -2
1355 -2
1356 0
1357 0
1358 0
1359 0
1360 0
1361 0
1362 0
1363 0
1364 0
1365 0
1366 0
1367 0
1368 0
1369 0
1370 0
1371 0
1372 0
1373 0
1374 0
1375 0
1376 0
1377 0
1378 -2
1379 -2
1380 -2
1381 -2
1382 -2
1383 -2
1384 0
1385 0
1386 0
1387 -2
1388 -2
1389 -2
1390 -2
1391 0
1392 0
1393 0
1394 0
1395 -2
1396 0
1397 0
1398 -2
1399 0
1400 0
1401 0
1402 -2
1403 0
1404 0
1405 0
1406 0
1407 0
1408 0
1409 -2
1410 -2
1411 0
1412 0
1413 0
1414 0
1415 0
1416 -4
1417 0
1418 -2
1419 -4
1420 0
1421 -2
1422 -2
1423 -2
1424 0
1425 0
1426 -2
1427 0
1428 0
1429 0
1430 0
1431 0
1432 0
1433 0
1434 0
1435 0
1436 0
1437 0
1438 0
1439 -4
1440 -2
1441 -2
1442 -2
1443 -2
1444 -2
1445 -2
1446 -2
1447 -2
1448 -4
1449 -4
1450 -2
1451 -2
1452 -2
1453 -2
1454 -2
1455 0
1456 0
1457 0
1458 -2
1459 0
1460 0
1461 0
1462 -2
1463 0
1464 0
1465 -4
1466 0
1467 0
1468 -2
1469 -2
1470 0
1471 0
1472 -2
1473 -2
1474 -2
1475 -2
1476 -2
1477 -2
1478 -2
1479 -2
1480 -2
1481 -2
1482 -6
1483 0
1484 0
1485 -2
1486 0
1487 0
1488 0
1489 0
1490 -4
1491 -2
1492 -2
1493 -2
1494 0
1495 -2
1496 0
1497 0
1498 0
1499 0
1500 0
1501 0
1502 0
1503 0
1504 0
1505 0
1506 0
1507 0
1508 0
1509 0
1510 -2
1511 -2
1512 -4
1513 -4
1514 -2
1515 -2
1516 0
1517 0
1518 -4
1519 -2
1520 -2
1521 0
1522 0
1523 0
1524 -2
1525 -2
1526 -2
1527 -2
1528 -4
1529 -2
1530 0
1531 -2
1532 -2
1533 -4
1534 0
1535 0
1536 0
1537 -2
1538 0
1539 0
1540 -2
1541 -2
1542 -2
1543 -4
1544 0
1545 0
1546 -4
1547 -4
1548 -6
1549 -6
1550 -4
1551 -2
1552 -2
1553 -2
1554 -4
1555 -2
1556 0
1557 0
1558 0
1559 -2
1560 -2
1561 0
1562 -4
1563 0
1564 0
1565 -4
1566 -2
1567 -2
1568 -2
1569 -2
1570 -2
1571 -2
1572 -4
1573 -2
1574 -2
1575 -2
1576 -2
1577 -4
1578 0
1579 0
1580 -2
1581 -2
1582 0
1583 0
1584 0
1585 0
1586 0
1587 0
1588 0
1589 0
1590 -4
1591 -2
1592 -2
1593 -2
1594 -2
1595 0
1596 0
1597 0
1598 0
1599 0
1600 0
1601 -2
1602 0
1603 -2
1604 -2
1605 -2
1606 -2
1607 0
1608 0
1609 0
1610 0
1611 0
1612 0
1613 0
1614 0
1615 0
1616 0
1617 -2
1618 0
1619 0
1620 -2
1621 -2
1622 -2
1623 0
1624 -2
1625 -2
1626 -6
1627 -6
1628 -4
1629 -4
1630 0
1631 -4
1632 -4
1633 -4
1634 0
1635 0
1636 0
1637 0
1638 -2
1639 -2
1640 0
1641 -2
1642 -2
1643 -2
1644 -2
1645 0
1646 -2
1647 -2
1648 -2
1649 -4
1650 -2
1651 0
1652 0
1653 0
1654 -2
1655 -2
1656 -2
1657 0
1658 0
1659 -2
1660 0
1661 0
1662 0
1663 0
1664 0
1665 -2
1666 -2
1667 -2
1668 0
1669 -2
1670 -2
1671 -2
1672 -2
1673 -4
1674 -2
1675 -2
1676 -2
1677 -2
1678 -2
1679 -6
1680 -4
1681 0
1682 0
1683 -2
1684 0
1685 0
1686 -2
1687 -4
1688 -2
1689 -2
1690 0
1691 0
1692 -2
1693 -4
1694 -4
1695 0
1696 0
1697 -4
1698 -2
1699 -2
1700 -2
1701 -2
1702 -4
1703 -4
1704 -4
1705 -6
1706 -4
1707 -2
1708 -2
1709 -4
1710 -2
1711 -4
1712 -4
1713 -2
1714 0
1715 0
1716 0
1717 0
1718 -2
1719 -4
1720 -2
1721 -2
1722 -2
1723 -2
1724 -2
1725 -2
1726 -2
1727 -2
1728 -2
1729 -6
1730 -4
1731 -4
1732 -2
1733 -6
1734 -6
1735 -2
1736 -2
1737 -2
1738 -2
1739 -2
1740 -2
1741 -2
1742 -2
1743 0
1744 -2
1745 -4
1746 -4
1747 -2
1748 -2
1749 -2
1750 -2
1751 -2
1752 -2
1753 0
1754 0
1755 0
1756 -2
1757 -2
1758 -2
1759 -2
1760 -2
1761 -2
1762 -2
1763 -4
1764 -2
1765 -2
1766 -2
1767 -2
1768 -2
1769 0
1770 0
1771 0
1772 0
1773 -4
1774 0
1775 0
1776 0
1777 0
1778 0
1779 0
1780 0
1781 0
1782 -4
1783 -4
1784 -2
1785 -2
1786 -2
1787 0
1788 0
1789 0
1790 0
1791 0
1792 -2
1793 0
1794 0
1795 0
1796 0
1797 0
1798 -4
1799 -2
1800 -2
1801 -2
1802 0
1803 0
1804 0
1805 0
1806 0
1807 -2
1808 -2
1809 0
1810 0
1811 -2
1812 -2
1813 -2
1814 -2
1815 -2
1816 0
1817 -2
1818 -2
1819 -2
1820 -2
1821 -2
1822 -2
1823 -2
1824 -4
1825 -4
1826 -4
1827 0
1828 0
1829 0
1830 0
1831 0
1832 0
1833 0
1834 0
1835 -2
1836 -2
1837 -2
1838 -2
1839 0
1840 0
1841 -2
1842 -4
1843 -6
1844 -6
1845 -4
1846 -6
1847 -6
1848 -4
1849 -4
1850 0
1851 -4
1852 0
1853 0
1854 0
1855 0
1856 -2
1857 -2
1858 -2
1859 -2
1860 0
1861 0
1862 0
1863 0
1864 -2
1865 0
1866 0
1867 0
1868 -2
1869 -2
1870 0
1871 0
1872 0
1873 0
1874 0
1875 0
1876 0
1877 0
1878 0
1879 -4
1880 -2
1881 -2
1882 -2
1883 -2
1884 -2
1885 -2
1886 -2
1887 -2
1888 -2
1889 -2
1890 -6
1891 -4
1892 -6
1893 -2
1894 0
1895 0
1896 0
1897 0
1898 0
1899 0
1900 0
1901 0
1902 0
1903 -2
1904 -2
1905 -2
1906 -2
1907 0
1908 0
1909 -2
1910 -2
1911 0
1912 0
1913 0
1914 0
1915 -2
1916 -2
1917 -2
1918 -2
1919 -2
1920 -2
1921 -2
1922 -2
1923 -2
1924 -2
1925 -2
1926 -2
1927 -2
1928 -2
1929 -2
1930 -2
1931 0
1932 0
1933 0
1934 0
1935 0
1936 -2
1937 -2
1938 -2
1939 -4
1940 -4
1941 -4
1942 -2
1943 -2
1944 0
1945 -2
1946 -2
1947 -4
1948 -2
1949 -2
1950 0
1951 0
1952 0
1953 0
1954 0
1955 0
1956 0
1957 0
1958 0
1959 0
1960 0
1961 0
1962 0
1963 -2
1964 -2
1965 0
1966 0
1967 0
1968 0
1969 0
1970 0
1971 0
1972 0
1973 0
1974 0
1975 0
1976 0
1977 0
1978 -2
1979 -2
1980 -2
1981 -4
1982 -6
1983 -4
1984 0
1985 -2
1986 -2
1987 -2
1988 -2
1989 -2
1990 -2
1991 -4
1992 0
1993 0
1994 0
1995 0
1996 0
1997 0
1998 0
1999 0
2000 -2
2001 -2
2002 0
2003 0
2004 0
2005 -4
2006 -4
2007 -4
2008 -4
2009 0
2010 0
2011 0
2012 0
2013 0
2014 0
2015 0
2016 0
2017 -2
2018 0
2019 -2
2020 -2
2021 -2
2022 -2
2023 0
2024 0
2025 0
2026 0
2027 0
2028 0
2029 0
2030 0
2031 0
2032 0
2033 -2
2034 -2
2035 0
2036 0
2037 0
2038 0
2039 0
2040 0
2041 0
2042 0
2043 0
2044 -2
2045 0
2046 -2
2047 0
2048 -2
2049 -2
2050 -2
2051 -4
2052 -2
2053 0
2054 0
2055 -2
2056 -2
2057 -2
2058 0
2059 -2
2060 0
2061 0
2062 0
2063 -2
2064 0
2065 0
2066 0
2067 0
2068 0
2069 0
2070 0
2071 0
2072 -4
2073 -2
2074 -2
2075 -4
2076 -4
2077 0
2078 0
2079 0
2080 0
2081 0
2082 0
2083 0
2084 0
2085 0
2086 0
2087 0
2088 0
2089 -4
2090 -2
2091 -2
2092 -2
2093 0
2094 0
2095 0
2096 0
2097 0
2098 0
2099 -2
2100 -2
2101 -2
2102 0
2103 0
2104 0
2105 -2
2106 -2
2107 -2
2108 -2
2109 -2
2110 0
2111 0
2112 0
2113 0
2114 -2
2115 -2
2116 -2
2117 0
2118 0
2119 0
2120 -2
2121 -2
2122 -2
2123 -2
2124 -2
2125 -2
2126 -2
2127 0
2128 0
2129 0
2130 0
2131 0
2132 0
2133 0
2134 0
2135 -2
2136 0
2137 0
2138 0
2139 0
2140 -2
2141 -2
2142 0
2143 -4
2144 -2
2145 -2
2146 0
2147 0
2148 0
2149 -4
2150 -4
2151 -2
2152 0
2153 0
2154 0
2155 0
2156 0
2157 0
2158 -2
2159 -2
2160 -2
2161 -2
2162 -2
2163 -2
2164 -2
2165 0
2166 -2
2167 -2
2168 -2
2169 -2
2170 -2
2171 -2
2172 -2
2173 -2
2174 0
2175 0
2176 0
2177 0
2178 0
2179 0
2180 0
2181 0
2182 -2
2183 -2
2184 -2
2185 0
2186 -2
2187 -2
2188 -4
2189 -4
2190 -2
2191 -4
2192 -4
2193 -6
2194 -4
2195 -2
2196 -2
2197 0
2198 0
2199 0
2200 0
2201 0
2202 -4
2203 -2
2204 -4
2205 0
2206 -4
2207 -4
2208 0
2209 0
2210 0
2211 -2
2212 -2
2213 -2
2214 -2
2215 -2
2216 -2
2217 -2
2218 -2
2219 -2
2220 -2
2221 -2
2222 -2
2223 -2
2224 -2
2225 -2
2226 -2
2227 0
2228 0
2229 0
2230 0
2231 0
2232 -4
2233 0
2234 0
2235 -2
2236 -2
2237 0
2238 0
2239 0
2240 0
2241 0
2242 0
2243 0
2244 0
2245 -4
2246 -4
2247 0
2248 0
2249 -4
2250 0
2251 0
2252 -2
2253 0
2254 0
2255 0
2256 0
2257 0
2258 0
2259 0
2260 -4
2261 -4
2262 -4
2263 -4
2264 0
2265 0
2266 0
2267 0
2268 0
2269 -2
2270 -2
2271 -2
2272 -2
2273 -2
2274 -2
2275 0
2276 -2
2277 -2
2278 -2
2279 -2
2280 -2
2281 0
2282 0
2283 0
2284 0
2285 0
2286 0
2287 0
2288 0
2289 0
2290 0
2291 -2
2292 -2
2293 -2
2294 -2
2295 -2
2296 0
2297 0
2298 -2
2299 -2
2300 0
2301 0
2302 0
2303 -4
2304 -4
2305 -4
2306 0
2307 0
2308 0
2309 0
2310 0
2311 0
2312 0
2313 0
2314 0
2315 -2
2316 -2
2317 0
2318 0
2319 0
2320 -2
2321 -2
2322 0
2323 0
2324 0
2325 0
2326 -4
2327 0
2328 -2
2329 -2
2330 0
2331 0
2332 0
2333 0
2334 0
2335 0
2336 0
2337 0
2338 -2
2339 0
2340 -2
2341 0
2342 0
2343 0
2344 -4
2345 -4
2346 -4
2347 -2
2348 -2
2349 -4
2350 -6
2351 -4
2352 0
2353 0
2354 0
2355 -4
2356 0
2357 0
2358 0
2359 0
2360 0
2361 -2
2362 -2
2363 -2
2364 0
2365 0
2366 -4
2367 0
2368 0
2369 0
2370 0
2371 -4
2372 0
2373 -2
2374 -2
2375 0
2376 0
2377 0
2378 0
2379 0
2380 0
2381 0
2382 -2
2383 -2
2384 -2
2385 -2
2386 0
2387 0
2388 0
2389 0
2390 -2
2391 0
2392 0
2393 0
2394 0
2395 0
2396 0
2397 -2
2398 0
2399 0
2400 0
2401 0
2402 0
2403 0
2404 -4
2405 -4
2406 0
2407 0
2408 -2
2409 -2
2410 -2
2411 -2
2412 -2
2413 0
2414 0
2415 0
2416 -6
2417 -4
2418 -4
2419 0
2420 0
2421 0
2422 0
2423 0
2424 0
2425 0
2426 0
2427 0
2428 0
2429 0
2430 0
2431 -2
2432 -4
2433 -2
2434 -4
2435 -4
2436 -2
2437 -2
2438 0
2439 0
2440 0
2441 0
2442 0
2443 0
2444 -2
2445 -2
2446 -2
2447 -2
2448 -4
2449 -4
2450 -2
2451 0
2452 0
2453 0
2454 0
2455 -2
2456 -2
2457 -4
2458 -4
2459 -4
2460 -4
2461 0
2462 0
2463 0
2464 0
2465 0
2466 0
2467 0
2468 0
2469 0
2470 0
2471 -4
2472 -4
2473 0
2474 0
2475 0
2476 -4
2477 0
2478 0
2479 0
2480 0
2481 0
2482 -2
2483 -2
2484 0
2485 -4
2486 -4
2487 0
2488 0
2489 0
2490 0
2491 0
2492 -6
2493 -4
2494 -4
2495 -4
2496 -4
2497 -4
2498 -2
2499 -2
2500 0
2501 0
2502 0
2503 0
2504 0
2505 0
2506 0
2507 0
2508 0
2509 0
2510 0
2511 0
2512 0
2513 0
2514 0
2515 0
2516 0
2517 0
2518 0
2519 -4
2520 -2
2521 -4
2522 -2
2523 -2
2524 -2
2525 -2
2526 -4
2527 -2
2528 -2
2529 -2
2530 -2
2531 -4
2532 -2
2533 -4
2534 0
2535 0
2536 0
2537 0
2538 -4
2539 -4
2540 -4
2541 0
2542 0
2543 0
2544 0
2545 0
2546 0
2547 0
2548 0
2549 -2
2550 0
2551 0
2552 0
2553 0
2554 0
2555 0
2556 0
2557 0
2558 -2
2559 -2
2560 -2
2561 0
2562 0
2563 0
2564 -4
2565 -4
2566 0
2567 0
2568 0
2569 0
2570 0
2571 -2
2572 0
2573 0
2574 -2
2575 0
2576 0
2577 0
2578 0
2579 0
2580 0
2581 0
2582 0
2583 -4
2584 -2
2585 0
2586 0
2587 -2
2588 0
2589 0
2590 0
2591 0
2592 0
2593 0
2594 -2
2595 0
2596 0
2597 -2
2598 -2
2599 0
2600 0
2601 -4
2602 -2
2603 -2
2604 -2
2605 -2
2606 -2
2607 -2
2608 -4
2609 -4
2610 -4
2611 -2
2612 -2
2613 -2
2614 -4
2615 -4
2616 -4
2617 -4
2618 -4
2619 -2
2620 -4
2621 -2
2622 -2
2623 -2
2624 -2
2625 -2
2626 -2
2627 -2
2628 -2
2629 0
2630 0
2631 0
2632 0
2633 0
2634 0
2635 -2
2636 -6
2637 -4
2638 -2
2639 -2
2640 -2
2641 -2
2642 -2
2643 0
2644 0
2645 -2
2646 0
2647 -2
2648 -2
2649 0
2650 0
2651 0
2652 0
2653 0
2654 -2
2655 -4
2656 -2
2657 -2
2658 -2
2659 -2
2660 -2
2661 -2
2662 0
2663 0
2664 0
2665 -2
2666 -2
2667 -4
2668 -2
2669 -2
2670 -2
2671 0
2672 0
2673 0
2674 0
2675 -4
2676 -4
2677 -2
2678 -2
2679 0
2680 0
2681 0
2682 0
2683 -4
2684 0
2685 -2
2686 -2
2687 0
2688 0
2689 -4
2690 0
2691 0
2692 -2
2693 -4
2694 0
2695 0
2696 -2
2697 -2
2698 -2
2699 -2
2700 -4
2701 -2
2702 -2
2703 -2
2704 -2
2705 -2
2706 -6
2707 0
2708 0
2709 -6
2710 -6
2711 -4
2712 -4
2713 -4
2714 -6
2715 -2
2716 -2
2717 -2
2718 -2
2719 -2
2720 -2
2721 -2
2722 -6
2723 -4
2724 -6
2725 -2
2726 0
2727 0
2728 0
2729 -4
2730 0
2731 0
2732 0
2733 0
2734 -2
2735 0
2736 0
2737 -2
2738 0
2739 -2
2740 0
2741 -2
2742 0
2743 0
2744 0
2745 -2
2746 0
2747 -2
2748 -2
2749 -2
2750 -4
2751 -2
2752 -2
2753 -2
2754 -4
2755 -4
2756 -2
2757 -2
2758 -4
2759 -4
2760 -4
2761 0
2762 0
2763 -2
2764 -6
2765 -2
2766 -2
2767 0
2768 0
2769 0
2770 0
2771 0
2772 0
2773 0
2774 0
2775 0
2776 0
2777 0
2778 0
2779 0
2780 0
2781 0
2782 0
2783 0
2784 0
2785 0
2786 0
2787 0
2788 0
2789 0
2790 0
2791 0
2792 0
2793 -4
2794 -2
2795 -4
2796 -4
2797 -6
2798 -4
2799 -2
2800 -4
2801 -4
2802 0
2803 -4
2804 -4
2805 -4
2806 -2
2807 0
2808 0
2809 0
2810 0
2811 -2
2812 -2
2813 -2
2814 0
2815 -2
2816 -2
2817 -4
2818 -4
2819 -4
2820 -4
2821 -4
2822 -4
2823 -2
2824 -2
2825 -2
2826 -4
2827 -4
2828 -4
2829 -4
2830 0
2831 0
2832 0
2833 0
2834 0
2835 0
2836 0
2837 0
2838 0
2839 0
2840 -2
2841 -2
2842 -2
2843 -4
2844 -2
2845 -2
2846 -4
2847 -2
2848 -4
2849 -2
2850 -2
2851 -4
2852 0
2853 0
2854 -4
2855 -2
2856 -2
2857 -2
2858 -2
2859 -2
2860 -2
2861 -6
2862 -2
2863 -2
2864 -2
2865 -4
2866 -2
2867 -2
2868 -2
2869 0
2870 -2
2871 -4
2872 -2
2873 -2
2874 -2
2875 -2
2876 -2
2877 -4
2878 0
2879 0
2880 0
2881 0
2882 0
2883 0
2884 -2
2885 0
2886 0
2887 -2
2888 -2
2889 -2
2890 -2
2891 -2
2892 -2
2893 -2
2894 -2
2895 0
2896 -2
2897 -2
2898 -2
2899 -2
2900 -4
2901 -2
2902 0
2903 -2
2904 -2
2905 -2
2906 -2
2907 0
2908 0
2909 0
2910 0
2911 -2
2912 -6
2913 -6
2914 -4
2915 -2
2916 -2
2917 -2
2918 -4
2919 0
2920 0
2921 0
2922 -2
2923 0
2924 0
2925 0
2926 -4
2927 -2
2928 -2
2929 -2
2930 -4
2931 -4
2932 0
2933 0
2934 -2
2935 0
2936 -4
2937 -4
2938 -4
2939 0
2940 -2
2941 0
2942 0
2943 0
2944 0
2945 0
2946 0
2947 -2
2948 -2
2949 -6
2950 -4
2951 -6
2952 -6
2953 0
2954 0
2955 0
2956 0
2957 0
2958 0
2959 0
2960 0
2961 0
2962 0
2963 0
2964 0
2965 0
2966 0
2967 0
2968 0
2969 0
2970 0
2971 -4
2972 -4
2973 -2
2974 -2
2975 -2
2976 0
2977 -2
2978 -2
2979 0
2980 0
2981 0
2982 0
2983 -4
2984 -2
2985 -2
2986 -6
2987 -2
2988 -2
2989 -2
2990 -4
2991 -4
2992 0
2993 -2
2994 -2
2995 -2
2996 -4
2997 0
2998 0
2999 -4
3000 -2
3001 -4
3002 0
3003 -4
3004 0
3005 0
3006 0
3007 0
3008 0
3009 0
3010 0
3011 0
3012 0
3013 0
3014 0
3015 0
3016 0
3017 -4
3018 -4
3019 0
3020 0
3021 0
3022 0
3023 0
3024 -4
3025 -4
3026 -2
3027 -2
3028 0
3029 0
3030 -2
3031 -2
3032 -2
3033 -2
3034 -2
3035 -2
3036 -2
3037 -4
3038 -4
3039 -4
3040 0
3041 0
3042 -2
3043 -4
3044 -2
3045 0
3046 0
3047 0
3048 0
3049 0
3050 0
3051 0
3052 -2
3053 -2
3054 -2
3055 -2
3056 -2
3057 -2
3058 -2
3059 0
3060 0
3061 0
3062 -2
3063 -2
3064 -2
3065 -2
3066 -2
3067 0
3068 0
3069 0
3070 -2
3071 -2
3072 0
3073 -2
3074 0
3075 0
3076 0
3077 0
3078 0
3079 0
3080 -2
3081 -2
3082 -2
3083 -4
3084 0
3085 0
3086 -4
3087 -2
3088 -2
3089 -2
3090 -2
3091 -2
3092 -2
3093 -2
3094 -2
3095 -2
3096 -2
3097 -2
3098 -2
3099 0
3100 0
3101 0
3102 0
3103 0
3104 0
3105 0
3106 0
3107 0
3108 0
3109 -2
3110 -2
3111 -2
3112 0
3113 0
3114 0
3115 0
3116 0
3117 0
3118 0
3119 0
3120 0
3121 0
3122 -2
3123 -4
3124 -2
3125 -4
3126 -4
3127 -4
3128 0
3129 -2
3130 -2
3131 -2
3132 -2
3133 -8
