0 152
1 152
2 152
3 140
4 151
5 166
6 166
7 166
8 184
9 184
10 184
11 167
12 151
13 126
14 112
15 112
16 112
17 112
18 104
19 93
20 93
21 93
22 93
23 93
24 93
25 93
26 93
27 93
28 93
29 93
30 81
31 81
32 68
33 68
34 68
35 58
36 58
37 58
38 50
39 50
40 50
41 50
42 50
43 40
44 32
45 32
46 32
47 32
48 32
49 32
50 32
51 32
52 32
53 32
54 32
55 32
56 32
57 32
58 32
59 24
60 24
61 18
62 18
63 18
64 18
65 18
66 16
67 13
68 13
69 4
70 2
71 -3
72 -3
73 -3
74 -3
75 -3
76 -3
77 -3
78 -6
79 -6
80 -6
81 -6
82 -6
83 -6
84 -6
85 -6
86 -6
87 -7
88 -7
89 -7
90 -7
91 -7
92 -7
93 -7
94 -7
95 -7
96 -7
97 -7
98 -7
99 -7
100 -7
101 -7
102 -7
103 -7
104 -7
105 -7
106 -7
107 -7
108 -7
109 -7
110 -7
111 -7
112 -7
113 -7
114 -7
115 -7
116 -7
117 -7
118 -7
119 -8
120 -8
121 -8
122 -8
123 -8
124 -8
125 -8
126 -8
127 -8
128 -8
129 -8
130 -8
131 -8
132 -8
133 -8
134 -8
135 -8
136 -8
137 -8
138 -8
139 -8
140 -8
141 -8
142 -8
143 -8
144 -8
145 -8
146 -8
147 -8
148 -8
149 -8
150 -8
151 -8
152 -8
153 -8
154 -8
155 -8
156 -8
157 -8
158 -8
159 -8
160 -8
161 -8
162 -8
163 -8
164 -8
165 -8
166 -8
167 -8
168 -8
169 -8
170 -8
171 -8
172 -8
173 -8
174 -8
175 -8
176 -8
177 -8
178 -8
179 -8
180 -9
181 -9
182 -9
183 -9
184 -9
185 -9
186 -9
187 -9
188 -9
189 -9
190 -9
191 -9
192 -9
193 -9
194 -9
195 -9
196 -9
197 -9
198 -9
199 -9
200 -9
201 -9
202 -9
203 -9
204 -9
205 -9
206 -9
207 -9
208 -9
209 -9
210 -9
211 -9
212 -9
213 -9
214 -9
215 -9
216 -9
217 -9
218 -9
219 -9
220 -9
221 -9
222 -9
223 -9
224 -9
225 -9
226 -9
227 -9
228 -9
229 -9
230 -9
231 -9
232 -9
233 -9
234 -9
235 -9
236 -9
237 -9
238 -9
239 -9
240 -9
241 -9
242 -9
243 -9
244 -9
245 -9
246 -9
247 -9
248 -9
249 -9
250 -9
251 -9
252 -9
253 -9
254 -9
255 -9
256 -9
257 -9
258 -9
259 -9
260 -9
261 -9
262 -9
263 -9
264 -9
265 -9
266 -9
267 -9
268 -9
269 -9
270 -9
271 -9
272 -9
273 -9
274 -9
275 -9
276 -9
277 -9
278 -9
279 -9
280 -9
281 -9
282 -9
283 -9
284 -9
285 -9
286 -9
287 -9
288 -9
289 -9
290 -9
291 -9
292 -9
293 -9
294 -9
295 -9
296 -9
297 -9
298 -9
299 -9
300 -9
301 -9
302 -9
303 -9
304 -9
305 -9
306 -9
307 -9
308 -9
309 -9
310 -9
311 -9
312 -9
313 -9
314 -9
315 -9
316 -9
317 -9
318 -9
319 -9
320 -9
321 -9
322 -9
323 -9
324 -9
325 -9
326 -9
327 -9
328 -9
329 -9
330 -9
331 -9
332 -9
333 -9
334 -9
335 -9
336 -9
337 -9
338 -9
339 -9
340 -9
341 -9
342 -9
343 -9
344 -9
345 -9
346 -9
347 -9
348 -9
349 -9
350 -9
351 -9
352 -9
353 -9
354 -9
355 -9
356 -9
357 -9
358 -9
359 -9
360 -9
361 -9
362 -9
363 -9
364 -9
365 -9
366 -9
367 -9
368 -9
369 -9
370 -9
371 -9
372 -9
373 -9
374 -9
375 -9
376 -9
377 -9
378 -9
379 -9
380 -9
381 -9
382 -9
383 -9
384 -9
385 -9
386 -9
387 -9
388 -9
389 -9
390 -9
391 -9
392 -9
393 -9
394 -9
395 -9
396 -9
397 -9
398 -9
399 -9
400 -9
401 -9
402 -9
403 -9
404 -9
405 -9
406 -9
407 -9
408 -9
409 -9
410 -9
411 -9
412 -9
413 -9
414 -9
415 -9
416 -9
417 -9
418 -9
419 -9
420 -9
421 -9
422 -9
423 -9
424 -9
425 -9
426 -9
427 -9
428 -9
429 -9
430 -9
431 -9
432 -9
433 -9
434 -9
435 -9
436 -9
437 -9
438 -9
439 -9
440 -9
441 -9
442 -9
443 -9
444 -9
445 -9
446 -9
447 -9
448 -9
449 -9
450 -9
451 -9
452 -9
453 -9
454 -9
455 -9
456 -9
457 -9
458 -9
459 -9
460 -9
461 -9
462 -9
463 -9
464 -9
465 -9
466 -9
467 -9
468 -9
469 -9
470 -9
471 -9
472 -9
473 -9
474 -9
475 -9
476 -9
477 -9
478 -9
479 -9
480 -9
481 -9
482 -9
483 -9
484 -9
485 -9
486 -9
487 -9
488 -9
489 -9
490 -9
491 -9
492 -9
493 -9
494 -9
495 -9
496 -9
497 -9
498 -9
499 -9
500 -9
501 -9
502 -9
503 -9
504 -9
505 -9
506 -9
507 -9
508 -9
509 -9
510 -9
511 -9
512 -9
513 -9
514 -9
515 -9
516 -9
517 -9
518 -9
519 -9
520 -9
521 -9
522 -9
523 -9
524 -9
525 -9
526 -9
527 -9
528 -9
529 -9
530 -9
531 -9
532 -9
533 -9
534 -9
535 -9
536 -9
537 -9
538 -9
539 -9
540 -9
541 -9
542 -9
543 -9
544 -9
545 -9
546 -9
547 -9
548 -9
549 -9
550 -9
551 -9
552 -9
553 -9
554 -9
555 -9
556 -9
557 -9
558 -9
559 -9
560 -9
561 -9
562 -9
563 -9
564 -9
565 -9
566 -9
567 -9
568 -9
569 -9
570 -9
571 -9
572 -9
573 -9
574 -9
575 -9
576 -9
577 -9
578 -9
579 -9
580 -9
581 -9
582 -9
583 -9
584 -9
585 -9
586 -9
587 -9
588 -9
589 -9
590 -9
591 -9
592 -9
593 -9
594 -9
595 -9
596 -9
597 -9
598 -9
599 -9
600 -9
601 -9
602 -9
603 -9
604 -9
605 -9
606 -9
607 -9
608 -9
609 -9
610 -9
611 -9
612 -9
613 -9
614 -9
615 -9
616 -9
617 -9
618 -9
619 -9
620 -9
621 -9
622 -9
623 -9
624 -9
625 -9
626 -9
627 -9
628 -9
629 -9
630 -9
631 -9
632 -9
633 -9
634 -9
635 -9
636 -9
637 -9
638 -9
639 -9
640 -9
641 -9
642 -9
643 -9
644 -9
645 -9
646 -9
647 -9
648 -9
649 -9
650 -9
651 -9
652 -9
653 -9
654 -9
655 -9
656 -10
657 -10
658 -12
