-4 8 8 2 -4 0 2 -4 0 2 0 0 2 0 0 2 0 0 2 0 0 2 0 0 2 0 0 
8 -4 8 -4 2 -1 -4 2 -1 0 2 0 0 2 0 0 2 0 0 2 0 0 2 0 0 2 0 
8 8 -4 0 -1 2 0 -1 2 0 0 2 0 0 2 0 0 2 0 0 2 0 0 2 0 0 2 
2 -4 0 -4 8 8 2 -4 0 2 -4 0 2 -4 0 2 0 0 2 0 0 2 0 0 2 0 0 
-4 2 -1 8 -4 8 -4 2 -1 -4 2 -1 -4 2 -1 0 2 0 0 2 0 0 2 0 0 2 0 
0 -1 2 8 8 -4 0 -1 2 0 -1 2 0 -1 2 0 0 2 0 0 2 0 0 2 0 0 2 
2 -4 0 2 -4 0 -4 8 8 2 0 0 2 -4 0 2 -4 0 2 0 0 2 0 0 2 0 0 
-4 2 -1 -4 2 -1 8 -4 8 0 2 0 -4 2 -1 -4 2 -1 0 2 0 0 2 0 0 2 0 
0 -1 2 0 -1 2 8 8 -4 0 0 2 0 -1 2 0 -1 2 0 0 2 0 0 2 0 0 2 
2 0 0 2 -4 0 2 0 0 -4 8 8 2 -4 0 2 0 0 2 -4 0 2 0 0 2 0 0 
0 2 0 -4 2 -1 0 2 0 8 -4 8 -4 2 -1 0 2 0 -4 2 -1 0 2 0 0 2 0 
0 0 2 0 -1 2 0 0 2 8 8 -4 0 -1 2 0 0 2 0 -1 2 0 0 2 0 0 2 
2 0 0 2 -4 0 2 -4 0 2 -4 0 -4 8 8 2 -4 0 2 -4 0 2 -4 0 2 0 0 
0 2 0 -4 2 -1 -4 2 -1 -4 2 -1 8 -4 8 -4 2 -1 -4 2 -1 -4 2 -1 0 2 0 
0 0 2 0 -1 2 0 -1 2 0 -1 2 8 8 -4 0 -1 2 0 -1 2 0 -1 2 0 0 2 
2 0 0 2 0 0 2 -4 0 2 0 0 2 -4 0 -4 8 8 2 0 0 2 -4 0 2 0 0 
0 2 0 0 2 0 -4 2 -1 0 2 0 -4 2 -1 8 -4 8 0 2 0 -4 2 -1 0 2 0 
0 0 2 0 0 2 0 -1 2 0 0 2 0 -1 2 8 8 -4 0 0 2 0 -1 2 0 0 2 
2 0 0 2 0 0 2 0 0 2 -4 0 2 -4 0 2 0 0 -4 8 8 2 -4 0 2 -4 0 
0 2 0 0 2 0 0 2 0 -4 2 -1 -4 2 -1 0 2 0 8 -4 8 -4 2 -1 -4 2 -1 
0 0 2 0 0 2 0 0 2 0 -1 2 0 -1 2 0 0 2 8 8 -4 0 -1 2 0 -1 2 
2 0 0 2 0 0 2 0 0 2 0 0 2 -4 0 2 -4 0 2 -4 0 -4 8 8 2 -4 0 
0 2 0 0 2 0 0 2 0 0 2 0 -4 2 -1 -4 2 -1 -4 2 -1 8 -4 8 -4 2 -1 
0 0 2 0 0 2 0 0 2 0 0 2 0 -1 2 0 -1 2 0 -1 2 8 8 -4 0 -1 2 
2 0 0 2 0 0 2 0 0 2 0 0 2 0 0 2 0 0 2 -4 0 2 -4 0 -4 8 8 
0 2 0 0 2 0 0 2 0 0 2 0 0 2 0 0 2 0 -4 2 -1 -4 2 -1 8 -4 8 
0 0 2 0 0 2 0 0 2 0 0 2 0 0 2 0 0 2 0 -1 2 0 -1 2 8 8 -4 
