0 4
1 7
2 18
3 10
4 17
5 25
6 20
7 33
8 24
9 33
10 27
11 18
12 13
13 9
14 13
15 20
16 12
17 18
18 20
19 14
20 22
21 26
22 22
23 28
24 21
25 34
26 42
27 50
28 40
29 27
30 27
31 35
32 35
33 27
34 38
35 47
36 47
37 47
38 37
39 26
40 17
41 27
42 38
43 49
44 41
45 30
46 38
47 32
48 24
49 30
50 24
51 18
52 18
53 25
54 19
55 10
56 16
57 20
58 16
59 25
60 18
61 24
62 13
63 11
64 11
65 15
66 19
67 19
68 23
69 31
70 23
71 23
72 23
73 23
74 17
75 11
76 9
77 13
78 13
79 8
80 13
81 6
82 10
83 17
84 10
85 15
86 9
87 5
88 5
89 5
90 0
91 0
92 4
93 7
94 3
95 7
96 7
97 9
98 13
99 8
100 14
101 8
102 1
103 -1
104 4
105 4
106 7
107 1
108 1
109 5
110 5
111 1
112 1
113 3
114 5
115 1
116 1
117 1
118 1
119 1
120 1
121 1
122 1
123 1
124 -2
125 -2
126 2
127 0
128 3
129 3
130 3
131 0
132 2
133 4
134 3
135 7
136 7
137 7
138 7
139 7
140 7
141 7
142 5
143 3
144 6
145 2
146 2
147 -3
148 -3
149 0
150 2
151 1
152 2
153 2
154 2
155 2
156 2
157 2
158 4
159 4
160 1
161 1
162 2
163 5
164 5
165 5
166 8
167 8
168 8
169 8
170 5
171 3
172 0
173 2
174 -3
175 -4
176 -6
177 -5
178 -5
179 -5
180 -3
181 -3
182 -3
183 -3
184 -2
185 0
186 0
187 0
188 2
189 -1
190 -1
191 -1
192 -1
193 -1
194 -1
195 -1
196 1
197 1
198 1
199 1
200 -3
201 -1
202 -1
203 1
204 1
205 3
206 3
207 1
208 1
209 3
210 3
211 3
212 5
213 5
214 0
215 0
216 0
217 0
218 0
219 0
220 0
221 0
222 -2
223 -2
224 -4
225 -4
226 -6
227 -6
228 -6
229 -6
230 -5
231 -5
232 -5
233 -5
234 -5
235 -5
236 -5
237 -5
238 -5
239 -5
240 -4
241 -4
242 -4
243 -4
244 -4
245 -4
246 -4
247 -4
248 -4
249 -4
250 -4
251 -4
252 -3
253 -3
254 -3
255 -3
256 -3
257 -3
258 -3
259 -3
260 -3
261 -3
262 -5
263 -5
264 -5
265 -5
266 -5
267 -5
268 -5
269 -5
270 -5
271 -5
272 -5
273 -5
274 -5
275 -6
276 -6
277 -6
278 -6
279 -6
280 -6
281 -6
282 -6
283 -6
284 -6
285 -6
286 -6
287 -6
288 -6
289 -6
290 -6
291 -6
292 -6
293 -6
294 -8
