0 20
1 24
2 15
3 23
4 19
5 26
6 20
7 25
8 17
9 12
10 8
11 13
12 24
13 17
14 8
15 3
16 9
17 11
18 6
19 2
20 -1
21 3
22 5
23 2
24 0
25 2
26 9
27 7
28 7
29 3
30 -2
31 3
32 1
33 3
34 6
35 13
36 19
37 26
38 20
39 11
40 9
41 5
42 2
43 7
44 11
45 7
46 2
47 6
48 2
49 -1
50 2
51 -1
52 2
53 4
54 11
55 9
56 2
57 -3
58 2
59 5
60 12
61 8
62 12
63 16
64 25
65 31
66 18
67 29
68 25
69 40
70 25
71 16
72 27
73 19
74 28
75 32
76 44
77 33
78 22
79 15
80 4
81 -2
82 -5
83 0
84 0
85 -5
86 2
87 9
88 7
89 14
90 7
91 7
92 7
93 7
94 12
95 7
96 2
97 9
98 5
99 10
100 5
101 5
102 11
103 17
104 28
105 18
106 31
107 20
108 18
109 20
110 7
111 13
112 19
113 13
114 20
115 35
116 30
117 22
118 16
119 7
120 14
121 18
122 13
123 20
124 28
125 36
126 45
127 32
128 22
129 31
130 35
131 29
132 37
133 26
134 21
135 29
136 21
137 32
138 39
139 30
140 19
141 12
142 10
143 19
144 26
145 32
146 38
147 46
148 38
149 30
150 19
151 26
152 19
153 15
154 21
155 15
156 11
157 3
158 11
159 13
160 5
161 2
162 9
163 2
164 2
165 7
166 2
167 2
168 10
169 18
170 9
171 12
172 16
173 23
174 15
175 11
176 3
177 1
178 8
179 17
180 8
181 17
182 15
183 22
184 26
185 15
186 19
187 10
188 8
189 19
190 12
191 19
192 25
193 35
194 26
195 36
196 42
197 42
198 29
199 38
200 38
201 38
202 27
203 23
204 36
205 28
206 19
207 10
208 14
209 7
210 3
211 1
212 1
213 2
214 7
215 16
216 20
217 25
218 19
219 27
220 33
221 33
222 33
223 33
224 33
225 26
226 17
227 12
228 4
229 9
230 0
231 8
232 0
233 8
234 17
235 9
236 24
237 11
238 19
239 6
240 12
241 6
242 10
243 17
244 24
245 33
246 33
247 24
248 17
249 27
250 27
251 17
252 26
253 20
254 13
255 16
256 26
257 26
258 17
259 26
260 26
261 20
262 13
263 26
264 15
265 9
266 4
267 2
268 4
269 13
270 11
271 17
272 6
273 8
274 21
275 26
276 26
277 18
278 15
279 17
280 22
281 28
282 28
283 28
284 28
285 28
286 28
287 22
288 29
289 23
290 23
291 23
292 29
293 23
294 18
295 23
296 29
297 16
298 11
299 7
300 5
301 14
302 5
303 7
304 5
305 10
306 16
307 24
308 19
309 23
310 14
311 19
312 15
313 8
314 15
315 19
316 10
317 17
318 17
319 14
320 18
321 18
322 11
323 7
324 12
325 21
326 14
327 10
328 8
329 4
330 9
331 13
332 19
333 12
334 19
335 13
336 22
337 15
338 11
339 16
340 10
341 5
342 3
343 5
344 10
345 14
346 7
347 7
348 13
349 11
350 7
351 2
352 2
353 -2
354 0
355 9
356 18
357 18
358 18
359 18
360 7
361 11
362 6
363 4
364 0
365 -1
366 4
367 9
368 5
369 7
370 8
371 14
372 14
373 11
374 18
375 18
376 10
377 7
378 12
379 14
380 14
381 9
382 2
383 9
384 4
385 12
386 14
387 14
388 14
389 14
390 12
391 14
392 14
393 5
394 10
395 10
396 8
397 3
398 6
399 3
400 14
401 5
402 3
403 3
404 8
405 12
406 8
407 8
408 15
409 15
410 15
411 15
412 7
413 2
414 6
415 2
416 8
417 3
418 7
419 12
420 12
421 12
422 12
423 12
424 12
425 12
426 10
427 6
428 2
429 0
430 3
431 3
432 12
433 12
434 10
435 10
436 1
437 6
438 3
439 7
440 2
441 7
442 3
443 0
444 3
445 7
446 11
447 6
448 8
449 8
450 8
451 8
452 13
453 13
454 7
455 4
456 6
457 6
458 6
459 6
460 4
461 8
462 1
463 5
464 3
465 1
466 8
467 1
468 2
469 -2
470 5
471 3
472 2
473 2
474 2
475 0
476 7
477 10
478 10
479 10
480 10
481 10
482 3
483 3
484 7
485 -2
486 0
487 -3
488 4
489 8
490 4
491 4
492 -1
493 4
494 4
495 4
496 0
497 5
498 7
499 7
500 7
501 7
502 7
503 7
504 7
505 7
506 2
507 7
508 7
509 7
510 7
511 7
512 7
513 5
514 7
515 7
516 7
517 5
518 7
519 7
520 7
521 7
522 7
523 7
524 3
525 5
526 0
527 5
528 3
529 7
530 7
531 7
532 7
533 7
534 3
535 0
536 0
537 3
538 -2
539 2
540 7
541 7
542 2
543 7
544 7
545 4
546 2
547 2
548 2
549 3
550 5
551 5
552 7
553 4
554 4
555 4
556 4
557 -1
558 3
559 -1
560 5
561 5
562 5
563 1
564 1
565 5
566 5
567 5
568 5
569 5
570 0
571 2
572 0
573 -2
574 1
575 -2
576 1
577 4
578 4
579 4
580 -1
581 -1
582 0
583 0
584 0
585 4
586 4
587 4
588 4
589 0
590 -1
591 -1
592 4
593 4
594 4
595 -3
596 -1
597 0
598 2
599 2
600 2
601 0
602 5
603 0
604 2
605 0
606 0
607 0
608 5
609 2
610 2
611 2
612 2
613 2
614 2
615 2
616 2
617 -3
618 -3
619 -2
620 5
621 5
622 5
623 5
624 5
625 3
626 1
627 -2
628 0
629 5
630 0
631 5
632 5
633 5
634 5
635 5
636 3
637 2
638 2
639 4
640 4
641 4
642 4
643 2
644 -3
645 -1
646 1
647 4
648 4
649 4
650 4
651 4
652 4
653 4
654 4
655 4
656 4
657 4
658 4
659 4
660 4
661 4
662 4
663 2
664 2
665 2
666 2
667 2
668 2
669 -1
670 -2
671 3
672 3
673 3
674 3
675 3
676 3
677 1
678 3
679 3
680 3
681 -3
682 0
683 3
684 3
685 3
686 3
687 -2
688 3
689 3
690 3
691 3
692 3
693 3
694 3
695 -2
696 0
697 -2
698 0
699 3
700 1
701 3
702 3
703 3
704 3
705 3
706 3
707 3
708 3
709 0
710 2
711 2
712 -1
713 -1
714 -6
715 -4
716 -2
717 -1
718 2
719 3
720 3
721 3
722 3
723 3
724 3
725 3
726 3
727 3
728 3
729 3
730 0
731 0
732 3
733 3
734 3
735 3
736 -2
737 -1
738 -1
739 -1
740 2
741 2
742 2
743 2
744 -2
745 -2
746 3
747 3
748 3
749 3
750 3
751 -2
752 -2
753 -2
754 -4
755 -2
756 2
757 2
758 2
759 -2
760 -2
761 -2
762 -2
763 -3
764 -2
765 -2
766 1
767 1
768 1
769 -2
770 0
771 0
772 0
773 0
774 0
775 0
776 2
777 0
778 0
779 0
780 -3
781 -2
782 -1
783 -2
784 -3
785 0
786 0
787 -2
788 0
789 0
790 -5
791 -3
792 1
793 1
794 1
795 2
796 1
797 -1
798 2
799 2
800 2
801 2
802 2
803 0
804 2
805 0
806 0
807 -3
808 -3
809 0
810 0
811 0
812 2
813 2
814 2
815 2
816 -1
817 -1
818 -1
819 -1
820 0
821 0
822 0
823 0
824 0
825 0
826 -3
827 -1
828 -1
829 -1
830 -1
831 -1
832 -1
833 -1
834 -1
835 -3
836 0
837 0
838 0
839 -3
840 -3
841 -4
842 -6
843 -4
844 -3
845 -4
846 -3
847 -3
848 1
849 1
850 1
851 1
852 1
853 1
854 1
855 1
856 1
857 1
858 1
859 -1
860 1
861 1
862 1
863 1
864 1
865 1
866 1
867 1
868 1
869 1
870 1
871 1
872 1
873 1
874 1
875 -3
876 -2
877 1
878 1
879 1
880 1
881 -1
882 -2
883 -3
884 -1
885 -1
886 -1
887 -1
888 1
889 1
890 -2
891 -2
892 -1
893 -3
894 -2
895 -2
896 0
897 0
898 0
899 0
900 -2
901 0
902 0
903 0
904 0
905 0
906 -2
907 -2
908 -2
909 -4
910 -4
911 -5
912 0
913 0
914 0
915 0
916 0
917 0
918 0
919 0
920 0
921 0
922 0
923 1
924 1
925 1
926 1
927 1
928 1
929 -2
930 -2
931 -2
932 -3
933 -3
934 -1
935 -1
936 -1
937 -1
938 -1
939 1
940 1
941 1
942 1
943 1
944 1
945 -1
946 1
947 -4
948 0
949 0
950 0
951 -2
952 -2
953 -2
954 -2
955 -4
956 -6
957 -5
958 -5
959 -1
960 -1
961 -1
962 -1
963 1
964 1
965 1
966 1
967 1
968 1
969 -4
970 -1
971 -1
972 -1
973 -1
974 -1
975 -1
976 -3
977 -3
978 -3
979 -3
980 0
981 0
982 0
983 0
984 -3
985 -1
986 -1
987 -3
988 -5
989 0
990 0
991 0
992 0
993 0
994 0
995 0
996 0
997 0
998 0
999 0
1000 0
1001 0
1002 0
1003 -2
1004 -2
1005 -2
1006 0
1007 0
1008 -2
1009 0
1010 0
1011 -5
1012 0
1013 0
1014 0
1015 -5
1016 -3
1017 0
1018 0
1019 0
1020 0
1021 0
1022 0
1023 -3
1024 -3
1025 -3
1026 -3
1027 -3
1028 0
1029 -3
1030 0
1031 0
1032 0
1033 0
1034 0
1035 0
1036 0
1037 0
1038 0
1039 0
1040 0
1041 -3
1042 0
1043 -3
1044 -1
1045 -1
1046 -1
1047 -3
1048 0
1049 0
1050 0
1051 0
1052 0
1053 -3
1054 -3
1055 -6
1056 -3
1057 -3
1058 -1
1059 -1
1060 -1
1061 -1
1062 -3
1063 -5
1064 -4
1065 0
1066 0
1067 -4
1068 -2
1069 0
1070 -2
1071 -2
1072 -5
1073 -2
1074 -5
1075 0
1076 0
1077 0
1078 0
1079 0
1080 0
1081 0
1082 0
1083 0
1084 0
1085 0
1086 0
1087 0
1088 0
1089 0
1090 0
1091 0
1092 0
1093 0
1094 0
1095 0
1096 0
1097 0
1098 0
1099 0
1100 0
1101 0
1102 0
1103 0
1104 0
1105 0
1106 0
1107 0
1108 0
1109 -5
1110 -5
1111 -3
1112 -3
1113 -5
1114 -3
1115 -3
1116 -1
1117 -1
1118 -1
1119 -3
1120 -5
1121 -5
1122 -2
1123 -2
1124 -2
1125 -5
1126 -3
1127 -4
1128 -3
1129 -3
1130 -2
1131 -2
1132 -2
1133 -2
1134 -2
1135 -2
1136 -2
1137 -2
1138 -2
1139 -2
1140 0
1141 0
1142 0
1143 0
1144 0
1145 0
1146 0
1147 0
1148 0
1149 -2
1150 -2
1151 -2
1152 0
1153 0
1154 0
1155 -1
1156 -1
1157 -1
1158 -2
1159 -1
1160 -1
1161 -1
1162 -1
1163 -1
1164 -1
1165 -1
1166 -2
1167 -3
1168 -1
1169 -1
1170 -1
1171 -1
1172 -1
1173 -1
1174 -1
1175 -1
1176 -1
1177 -1
1178 -1
1179 -1
1180 -1
1181 -1
1182 -1
1183 -1
1184 -1
1185 0
1186 0
1187 0
1188 0
1189 0
1190 -1
1191 -1
1192 -1
1193 -1
1194 0
1195 0
1196 -1
1197 0
1198 -3
1199 -1
1200 -1
1201 -3
1202 -3
1203 -2
1204 -3
1205 -3
1206 0
1207 0
1208 0
1209 0
1210 0
1211 0
1212 0
1213 0
1214 0
1215 -1
1216 -1
1217 -2
1218 -4
1219 -2
1220 -2
1221 -2
1222 -3
1223 -3
1224 -1
1225 -1
1226 -1
1227 -3
1228 0
1229 0
1230 0
1231 0
1232 0
1233 -3
1234 -4
1235 -2
1236 -2
1237 -2
1238 -4
1239 -2
1240 -2
1241 -2
1242 -2
1243 -2
1244 -2
1245 -2
1246 -2
1247 -2
1248 -2
1249 0
1250 0
1251 0
1252 0
1253 0
1254 0
1255 0
1256 -2
1257 -2
1258 -2
1259 -4
1260 -3
1261 -1
1262 -1
1263 -1
1264 -1
1265 -1
1266 -3
1267 -3
1268 -1
1269 -1
1270 -1
1271 -1
1272 -1
1273 -1
1274 -1
1275 -1
1276 -1
1277 -3
1278 -2
1279 -2
1280 -2
1281 -2
1282 -2
1283 -2
1284 -2
1285 -2
1286 -2
1287 -1
1288 -1
1289 -1
1290 -1
1291 -1
1292 -1
1293 -1
1294 -1
1295 -1
1296 -1
1297 -1
1298 -1
1299 -1
1300 -3
1301 -1
1302 0
1303 0
1304 -2
1305 -2
1306 0
1307 0
1308 0
1309 0
1310 0
1311 0
1312 0
1313 0
1314 0
1315 0
1316 0
1317 -3
1318 -3
1319 0
1320 0
1321 0
1322 0
1323 0
1324 0
1325 -2
1326 -2
1327 -2
1328 0
1329 0
1330 0
1331 0
1332 0
1333 0
1334 0
1335 -2
1336 -2
1337 -3
1338 -1
1339 -2
1340 0
1341 -1
1342 -1
1343 -1
1344 -1
1345 -1
1346 0
1347 0
1348 0
1349 0
1350 -3
1351 -1
1352 -1
1353 0
1354 0
1355 -2
1356 -1
1357 -3
1358 -3
1359 -3
1360 -3
1361 -1
1362 -1
1363 -3
1364 -1
1365 0
1366 0
1367 -1
1368 0
1369 0
1370 0
1371 0
1372 0
1373 0
1374 0
1375 0
1376 0
1377 0
1378 -3
1379 -3
1380 -5
1381 -3
1382 -3
1383 0
1384 0
1385 0
1386 0
1387 0
1388 0
1389 0
1390 0
1391 0
1392 0
1393 -1
1394 -1
1395 0
1396 0
1397 0
1398 0
1399 0
1400 0
1401 0
1402 0
1403 0
1404 -3
1405 0
1406 0
1407 0
1408 0
1409 0
1410 0
1411 0
1412 0
1413 0
1414 0
1415 0
1416 0
1417 0
1418 0
1419 0
1420 0
1421 0
1422 -1
1423 -1
1424 -1
1425 -1
1426 -2
1427 -4
1428 -2
1429 0
1430 -2
1431 -4
1432 -4
1433 -4
1434 -3
1435 -3
1436 -3
1437 -3
1438 -4
1439 -3
1440 -3
1441 -3
1442 0
1443 0
1444 0
1445 0
1446 0
1447 0
1448 0
1449 0
1450 0
1451 0
1452 -5
1453 -4
1454 -2
1455 0
1456 0
1457 0
1458 0
1459 0
1460 0
1461 0
1462 0
1463 0
1464 -2
1465 -2
1466 -2
1467 -2
1468 -2
1469 -1
1470 -1
1471 -2
1472 -2
1473 0
1474 0
1475 0
1476 0
1477 0
1478 0
1479 0
1480 0
1481 -4
1482 -4
1483 -4
1484 -4
1485 -2
1486 -2
1487 0
1488 -4
1489 -4
1490 -4
1491 -1
1492 -1
1493 -1
1494 -1
1495 -3
1496 -3
1497 -1
1498 -1
1499 -1
1500 -4
1501 0
1502 -2
1503 -2
1504 -2
1505 -2
1506 -2
1507 0
1508 0
1509 0
1510 0
1511 0
1512 0
1513 0
1514 -2
1515 -2
1516 -2
1517 -1
1518 -1
1519 -1
1520 -1
1521 -1
1522 -1
1523 -1
1524 -1
1525 -3
1526 -3
1527 -4
1528 -4
1529 -4
1530 -2
1531 -2
1532 -2
1533 -2
1534 -2
1535 -4
1536 -1
1537 -3
1538 0
1539 0
1540 0
1541 0
1542 -3
1543 -3
1544 -3
1545 -1
1546 -1
1547 -1
1548 -1
1549 -1
1550 -1
1551 -1
1552 -2
1553 -2
1554 -1
1555 -2
1556 0
1557 0
1558 -2
1559 -2
1560 -2
1561 -2
1562 -1
1563 -1
1564 -1
1565 -2
1566 0
1567 0
1568 0
1569 0
1570 0
1571 -2
1572 -2
1573 -2
1574 -2
1575 -1
1576 -1
1577 -1
1578 -1
1579 -1
1580 -1
1581 -1
1582 -1
1583 -1
1584 -1
1585 -1
1586 -1
1587 -1
1588 -1
1589 -1
1590 0
1591 0
1592 -1
1593 -1
1594 -1
1595 -1
1596 -1
1597 -3
1598 -1
1599 -1
1600 -1
1601 -3
1602 -4
1603 -4
1604 -4
1605 -4
1606 0
1607 0
1608 0
1609 0
1610 0
1611 -2
1612 -2
1613 -2
1614 -2
1615 -2
1616 -2
1617 -2
1618 0
1619 0
1620 -2
1621 -4
1622 -3
1623 -3
1624 0
1625 0
1626 0
1627 0
1628 -3
1629 -3
1630 -2
1631 0
1632 0
1633 -3
1634 -3
1635 -5
1636 -2
1637 0
1638 -5
1639 0
1640 0
1641 0
1642 0
1643 0
1644 -5
1645 -5
1646 0
1647 0
1648 -3
1649 -3
1650 -6
1651 -2
1652 -2
1653 -2
1654 -6
1655 -2
1656 -2
1657 -2
1658 -2
1659 -2
1660 -1
1661 -1
1662 -1
1663 -1
1664 -1
1665 -1
1666 -1
1667 -1
1668 -1
1669 -1
1670 -1
1671 -1
1672 -2
1673 -4
1674 -1
1675 -1
1676 -1
1677 -1
1678 -4
1679 -4
1680 -4
1681 -5
1682 -1
1683 -1
1684 -3
1685 0
1686 0
1687 -3
1688 -3
1689 -1
1690 -3
1691 0
1692 -3
1693 -3
1694 -1
1695 -1
1696 -3
1697 -3
1698 -3
1699 0
1700 0
1701 -2
1702 -2
1703 -2
1704 -2
1705 -2
1706 -2
1707 -2
1708 0
1709 0
1710 0
1711 -2
1712 -2
1713 -5
1714 -2
1715 -2
1716 -2
1717 -2
1718 -2
1719 -2
1720 -2
1721 0
1722 0
1723 0
1724 -5
1725 0
1726 0
1727 0
1728 0
1729 0
1730 0
1731 0
1732 0
1733 -3
1734 -3
1735 -3
1736 0
1737 0
1738 0
1739 0
1740 -3
1741 -4
1742 -6
1743 -8
