0 4
1 -2
2 4
3 14
4 24
5 34
6 26
7 34
8 26
9 18
10 24
11 14
12 8
13 16
14 22
15 16
16 22
17 12
18 22
19 22
20 32
21 26
22 36
23 26
24 26
25 18
26 26
27 36
28 44
29 54
30 54
31 54
32 40
33 32
34 32
35 40
36 30
37 30
38 22
39 16
40 16
41 22
42 16
43 24
44 16
45 10
46 2
47 8
48 14
49 8
50 2
51 8
52 8
53 2
54 8
55 6
56 8
57 12
58 16
59 10
60 8
61 4
62 0
63 4
64 2
65 -2
66 2
67 4
68 4
69 -2
70 -2
71 -2
72 -4
73 -2
74 -4
75 0
76 -4
77 -4
78 2
79 8
80 2
81 8
82 14
83 14
84 20
85 14
86 10
87 10
88 4
89 8
90 4
91 2
92 0
93 4
94 2
95 2
96 6
97 6
98 6
99 6
100 6
101 6
102 6
103 -2
104 2
105 2
106 -2
107 2
108 2
109 0
110 4
111 8
112 6
113 6
114 2
115 2
116 2
117 -2
118 2
119 6
120 0
121 2
122 -2
123 -2
124 0
125 0
126 0
127 -2
128 0
129 0
130 0
131 0
132 0
133 0
134 0
135 -2
136 -2
137 -2
138 -2
139 -2
140 -2
141 0
142 -2
143 -2
144 -2
145 -2
146 -2
147 -2
148 -2
149 -2
150 0
151 0
152 2
153 2
154 2
155 0
156 -2
157 -2
158 -2
159 -2
160 -2
161 0
162 -2
163 0
164 -2
165 0
166 0
167 0
168 0
169 0
170 0
171 -2
172 -2
173 -2
174 -2
175 0
176 -2
177 0
178 0
179 2
180 2
181 2
182 2
183 0
184 2
185 0
186 0
187 0
188 0
189 0
190 -2
191 -2
192 -2
193 -2
194 -2
195 -2
196 -2
197 -2
198 -2
199 -2
200 -2
201 -2
202 -2
203 -4
204 -4
205 -4
206 -4
207 -4
208 -4
209 -4
210 -4
211 -4
212 -4
213 -6
214 -6
215 -6
216 -6
217 -6
218 -6
219 -6
220 -6
221 -6
222 -6
223 -6
224 -6
225 -6
226 -6
227 -6
228 -6
229 -6
230 -6
231 -6
232 -6
233 -6
234 -6
235 -6
236 -6
237 -6
238 -6
239 -6
240 -6
241 -6
242 -6
243 -6
244 -6
245 -6
246 -6
247 -6
248 -6
249 -6
250 -6
251 -6
252 -6
253 -6
254 -6
255 -6
256 -6
257 -6
258 -6
259 -6
260 -6
261 -6
262 -6
263 -6
264 -6
265 -6
266 -6
267 -6
268 -6
269 -6
270 -6
271 -6
272 -6
273 -6
274 -6
275 -6
276 -6
277 -6
278 -6
279 -6
280 -6
281 -6
282 -6
283 -6
284 -6
285 -6
286 -6
287 -6
288 -6
289 -6
290 -6
291 -6
292 -6
293 -6
294 -6
295 -6
296 -6
297 -6
298 -6
299 -6
300 -8
