0 0
1 6
2 12
3 8
4 16
5 20
6 32
7 40
8 28
9 38
10 28
11 18
12 10
13 6
14 8
15 16
16 10
17 4
18 8
19 18
20 30
21 24
22 14
23 22
24 26
25 22
26 14
27 20
28 12
29 18
30 26
31 20
32 14
33 20
34 26
35 36
36 48
37 38
38 24
39 30
40 22
41 36
42 26
43 38
44 30
45 20
46 12
47 22
48 16
49 22
50 30
51 38
52 26
53 22
54 14
55 20
56 30
57 38
58 26
59 36
60 46
61 38
62 28
63 20
64 30
65 20
66 26
67 32
68 46
69 56
70 46
71 36
72 28
73 16
74 22
75 36
76 46
77 60
78 48
79 38
80 44
81 36
82 50
83 38
84 28
85 36
86 48
87 34
88 26
89 38
90 30
91 22
92 16
93 8
94 16
95 12
96 14
97 12
98 6
99 10
100 16
101 10
102 16
103 12
104 18
105 22
106 32
107 24
108 16
109 12
110 4
111 0
112 -2
113 -2
114 -2
115 -2
116 0
117 4
118 8
119 10
120 20
121 14
122 24
123 34
124 48
125 34
126 24
127 16
128 24
129 34
130 46
131 36
132 24
133 36
134 46
135 40
136 32
137 44
138 34
139 42
140 30
141 20
142 16
143 14
144 8
145 10
146 2
147 6
148 12
149 18
150 12
151 6
152 10
153 16
154 8
155 20
156 26
157 36
158 28
159 18
160 12
161 22
162 30
163 20
164 28
165 40
166 52
167 52
168 52
169 52
170 38
171 28
172 18
173 26
174 20
175 28
176 20
177 30
178 40
179 40
180 40
181 28
182 20
183 28
184 36
185 46
186 46
187 40
188 28
189 20
190 12
191 20
192 30
193 40
194 30
195 40
196 30
197 40
198 34
199 26
200 18
201 22
202 14
203 12
204 16
205 6
206 10
207 20
208 28
209 18
210 24
211 34
212 24
213 16
214 26
215 22
216 26
217 36
218 30
219 36
220 26
221 20
222 16
223 10
224 16
225 24
226 16
227 24
228 28
229 24
230 32
231 32
232 24
233 18
234 24
235 30
236 22
237 30
238 22
239 16
240 22
241 12
242 6
243 14
244 20
245 28
246 28
247 20
248 10
249 18
250 24
251 18
252 14
253 10
254 16
255 20
256 32
257 20
258 10
259 16
260 26
261 22
262 30
263 30
264 22
265 22
266 30
267 30
268 30
269 24
270 24
271 24
272 24
273 14
274 10
275 14
276 24
277 18
278 24
279 14
280 8
281 16
282 22
283 14
284 8
285 2
286 8
287 2
288 6
289 12
290 20
291 20
292 14
293 8
294 6
295 8
296 14
297 12
298 6
299 12
300 6
301 6
302 12
303 22
304 22
305 14
306 22
307 18
308 18
309 10
310 14
311 10
312 12
313 16
314 12
315 22
316 22
317 18
318 8
319 4
320 6
321 0
322 4
323 10
324 16
325 8
326 16
327 12
328 18
329 12
330 8
331 16
332 16
333 16
334 10
335 4
336 0
337 -2
338 -2
339 2
340 4
341 2
342 -2
343 0
344 0
345 6
346 14
347 6
348 14
349 12
350 4
351 10
352 6
353 16
354 8
355 14
356 14
357 8
358 4
359 10
360 4
361 10
362 4
363 8
364 14
365 14
366 10
367 14
368 10
369 14
370 8
371 16
372 16
373 16
374 10
375 4
376 6
377 10
378 10
379 10
380 16
381 6
382 6
383 12
384 8
385 14
386 12
387 14
388 10
389 6
390 8
391 14
392 14
393 14
394 14
395 14
396 14
397 14
398 14
399 14
400 14
401 14
402 14
403 14
404 14
405 14
406 14
407 14
408 14
409 14
410 14
411 14
412 14
413 14
414 8
415 4
416 8
417 12
418 12
419 12
420 12
421 12
422 6
423 2
424 8
425 12
426 12
427 12
428 8
429 6
430 0
431 0
432 8
433 8
434 0
435 0
436 4
437 6
438 6
439 6
440 4
441 2
442 -2
443 0
444 4
445 0
446 -2
447 -2
448 -2
449 0
450 4
451 10
452 10
453 2
454 -2
455 2
456 8
457 6
458 10
459 10
460 10
461 10
462 6
463 10
464 10
465 10
466 10
467 8
468 10
469 4
470 4
471 8
472 8
473 8
474 8
475 8
476 2
477 -2
478 0
479 0
480 4
481 0
482 8
483 0
484 4
485 0
486 -2
487 2
488 -2
489 2
490 4
491 10
492 4
493 10
494 10
495 6
496 6
497 6
498 6
499 6
500 6
501 6
502 6
503 6
504 6
505 2
506 6
507 6
508 6
509 2
510 0
511 6
512 6
513 6
514 8
515 2
516 -4
517 -2
518 2
519 6
520 6
521 0
522 4
523 8
524 8
525 8
526 4
527 6
528 6
529 6
530 4
531 0
532 -2
533 -2
534 4
535 4
536 -2
537 4
538 8
539 8
540 8
541 4
542 4
543 4
544 0
545 4
546 4
547 4
548 2
549 0
550 2
551 2
552 2
553 6
554 0
555 6
556 6
557 6
558 2
559 0
560 -2
561 0
562 2
563 6
564 6
565 2
566 2
567 2
568 6
569 0
570 0
571 6
572 6
573 6
574 6
575 6
576 6
577 4
578 2
579 2
580 2
581 -2
582 4
583 4
584 4
585 6
586 6
587 6
588 6
589 4
590 2
591 -2
592 0
593 -4
594 -4
595 0
596 0
597 0
598 0
599 2
600 2
601 -2
602 0
603 0
604 4
605 4
606 4
607 2
608 2
609 -2
610 -2
611 4
612 4
613 -2
614 -4
615 -4
616 -2
617 -4
618 -2
619 4
620 4
621 4
622 4
623 2
624 2
625 2
626 2
627 -2
628 0
629 4
630 4
631 4
632 4
633 2
634 2
635 2
636 0
637 0
638 0
639 2
640 0
641 2
642 2
643 2
644 0
645 4
646 4
647 4
648 4
649 0
650 -2
651 -2
652 4
653 4
654 4
655 4
656 0
657 4
658 4
659 4
660 4
661 4
662 4
663 0
664 0
665 -2
666 -4
667 0
668 2
669 4
670 -2
671 4
672 0
673 0
674 0
675 0
676 0
677 4
678 4
679 4
680 2
681 2
682 -2
683 0
684 2
685 -2
686 2
687 2
688 2
689 2
690 2
691 2
692 2
693 0
694 0
695 0
696 0
697 -2
698 -4
699 -2
700 -2
701 -2
702 -2
703 2
704 2
705 2
706 2
707 -2
708 2
709 2
710 0
711 0
712 0
713 0
714 2
715 2
716 2
717 2
718 2
719 2
720 2
721 2
722 2
723 -2
724 2
725 2
726 0
727 0
728 0
729 2
730 0
731 0
732 -4
733 2
734 2
735 2
736 0
737 2
738 2
739 2
740 2
741 2
742 0
743 0
744 -2
745 -2
746 -2
747 -2
748 -2
749 -2
750 -2
751 2
752 2
753 2
754 -2
755 -2
756 -2
757 0
758 0
759 -2
760 -2
761 0
762 -4
763 -4
764 -2
765 2
766 0
767 0
768 0
769 0
770 -2
771 0
772 2
773 0
774 0
775 0
776 -4
777 -6
778 -2
779 2
780 2
781 2
782 -4
783 0
784 -2
785 -4
786 -4
787 -4
788 -2
789 -2
790 0
791 0
792 0
793 0
794 0
795 -2
796 2
797 2
798 2
799 2
800 -2
801 -2
802 -4
803 -2
804 -2
805 0
806 0
807 -4
808 0
809 0
810 0
811 2
812 2
813 2
814 2
815 2
816 2
817 -2
818 -2
819 -2
820 0
821 -4
822 -2
823 -2
824 -4
825 -4
826 -2
827 -2
828 -4
829 0
830 -2
831 -2
832 -2
833 -2
834 -2
835 -2
836 -2
837 -2
838 -2
839 0
840 -2
841 -2
842 -2
843 -2
844 -2
845 -4
846 -2
847 -2
848 -2
849 -2
850 0
851 0
852 -2
853 0
854 -2
855 -4
856 -4
857 -2
858 -2
859 -4
860 -2
861 -2
862 -2
863 -2
864 -4
865 -2
866 -2
867 0
868 -2
869 0
870 0
871 0
872 0
873 0
874 0
875 0
876 0
877 0
878 0
879 0
880 0
881 0
882 0
883 -2
884 -2
885 0
886 0
887 0
888 0
889 0
890 0
891 0
892 0
893 0
894 0
895 0
896 0
897 -2
898 -2
899 0
900 0
901 0
902 0
903 -2
904 -2
905 0
906 0
907 0
908 0
909 -2
910 -2
911 0
912 0
913 0
914 0
915 0
916 0
917 0
918 -2
919 -4
920 0
921 0
922 0
923 -2
924 -2
925 -2
926 0
927 0
928 0
929 0
930 -2
931 -2
932 -2
933 -2
934 -6
935 -2
936 -4
937 -6
938 -4
939 0
940 0
941 0
942 0
943 -2
944 0
945 0
946 0
947 0
948 0
949 0
950 0
951 0
952 0
953 0
954 -2
955 -2
956 -2
957 -2
958 -2
959 -2
960 -2
961 -2
962 -2
963 -2
964 -2
965 -2
966 -2
967 -2
968 -2
969 0
970 0
971 -2
972 -2
973 -2
974 -2
975 -4
976 -2
977 0
978 0
979 0
980 -2
981 -2
982 0
983 0
984 -2
985 -2
986 -2
987 -2
988 -2
989 -4
990 -4
991 -2
992 0
993 0
994 0
995 0
996 -4
997 0
998 -2
999 0
1000 0
1001 0
1002 0
1003 0
1004 0
1005 -4
1006 0
1007 0
1008 0
1009 0
1010 -2
1011 0
1012 0
1013 -2
1014 -4
1015 -4
1016 -2
1017 -2
1018 -4
1019 -6
1020 -2
1021 -2
1022 0
1023 0
1024 -2
1025 -2
1026 -4
1027 -4
1028 -4
1029 -2
1030 -2
1031 -2
1032 -2
1033 -2
1034 0
1035 0
1036 0
1037 0
1038 0
1039 0
1040 -2
1041 -2
1042 -2
1043 -2
1044 -2
1045 -2
1046 -2
1047 0
1048 0
1049 0
1050 0
1051 -4
1052 -4
1053 -4
1054 -4
1055 -4
1056 -2
1057 -2
1058 -4
1059 0
1060 -4
1061 -4
1062 -4
1063 -4
1064 -4
1065 -4
1066 -4
1067 -6
1068 -2
1069 -2
1070 -2
1071 0
1072 0
1073 0
1074 0
1075 0
1076 -2
1077 0
1078 -2
1079 0
1080 0
1081 0
1082 0
1083 0
1084 0
1085 -2
1086 -4
1087 -4
1088 -6
1089 -6
1090 -2
1091 0
1092 0
1093 0
1094 0
1095 -2
1096 -2
1097 0
1098 0
1099 0
1100 0
1101 0
1102 0
1103 0
1104 0
1105 -2
1106 0
1107 0
1108 0
1109 0
1110 0
1111 0
1112 0
1113 0
1114 0
1115 0
1116 0
1117 -2
1118 -2
1119 0
1120 0
1121 -4
1122 0
1123 -2
1124 -2
1125 -4
1126 -4
1127 -2
1128 -4
1129 -4
1130 -2
1131 -2
1132 -2
1133 -2
1134 -2
1135 0
1136 0
1137 0
1138 0
1139 0
1140 0
1141 -2
1142 -4
1143 -2
1144 -2
1145 -2
1146 -2
1147 -2
1148 -2
1149 0
1150 0
1151 0
1152 0
1153 0
1154 0
1155 0
1156 0
1157 0
1158 0
1159 0
1160 0
1161 0
1162 0
1163 0
1164 0
1165 -2
1166 0
1167 -2
1168 -2
1169 -2
1170 -2
1171 -2
1172 -2
1173 -2
1174 -2
1175 0
1176 0
1177 -2
1178 -2
1179 -2
1180 -2
1181 -2
1182 0
1183 0
1184 -2
1185 0
1186 0
1187 0
1188 -2
1189 0
1190 0
1191 0
1192 0
1193 0
1194 0
1195 -4
1196 0
1197 -2
1198 -2
1199 -2
1200 -2
1201 -2
1202 0
1203 -4
1204 0
1205 0
1206 0
1207 -4
1208 -2
1209 0
1210 0
1211 0
1212 0
1213 -2
1214 -4
1215 -4
1216 -4
1217 -4
1218 -6
1219 -4
1220 -6
1221 -6
1222 -4
1223 -2
1224 -2
1225 -2
1226 -2
1227 -2
1228 0
1229 0
1230 0
1231 -2
1232 -2
1233 -2
1234 0
1235 0
1236 0
1237 0
1238 0
1239 0
1240 -2
1241 0
1242 0
1243 -2
1244 -4
1245 0
1246 0
1247 0
1248 0
1249 0
1250 0
1251 0
1252 -2
1253 -4
1254 -2
1255 -4
1256 0
1257 0
1258 0
1259 0
1260 -2
1261 -2
1262 -2
1263 -2
1264 0
1265 -2
1266 -2
1267 -2
1268 0
1269 0
1270 0
1271 0
1272 0
1273 0
1274 0
1275 0
1276 0
1277 -2
1278 0
1279 0
1280 0
1281 0
1282 -2
1283 -2
1284 -2
1285 -2
1286 -2
1287 -2
1288 0
1289 0
1290 0
1291 0
1292 0
1293 0
1294 0
1295 0
1296 0
1297 -4
1298 -4
1299 -4
1300 -6
1301 -2
1302 -2
1303 -2
1304 -2
1305 -2
1306 -4
1307 -2
1308 -2
1309 -2
1310 -2
1311 -2
1312 -4
1313 -4
1314 -4
1315 -6
1316 -6
1317 -4
1318 -2
1319 -2
1320 0
1321 -4
1322 0
1323 0
1324 0
1325 0
1326 0
1327 0
1328 0
1329 0
1330 0
1331 0
1332 -2
1333 -2
1334 -2
1335 -2
1336 -4
1337 -2
1338 -2
1339 -2
1340 -2
1341 -2
1342 -2
1343 -2
1344 0
1345 0
1346 -2
1347 -2
1348 0
1349 0
1350 0
1351 0
1352 0
1353 0
1354 -4
1355 -2
1356 -2
1357 -2
1358 -2
1359 -2
1360 -4
1361 0
1362 -4
1363 -2
1364 -4
1365 -4
1366 -4
1367 0
1368 0
1369 0
1370 0
1371 0
1372 0
1373 0
1374 -4
1375 -2
1376 -2
1377 0
1378 0
1379 -2
1380 0
1381 -2
1382 0
1383 -2
1384 0
1385 -2
1386 -2
1387 -4
1388 -4
1389 -2
1390 -2
1391 -2
1392 -2
1393 -2
1394 -2
1395 -2
1396 -2
1397 -2
1398 -2
1399 -2
1400 0
1401 -2
1402 0
1403 0
1404 0
1405 0
1406 -2
1407 -2
1408 -2
1409 -2
1410 0
1411 0
1412 0
1413 -2
1414 -2
1415 -4
1416 -2
1417 -2
1418 -2
1419 -2
1420 -2
1421 -2
1422 -2
1423 0
1424 0
1425 0
1426 -4
1427 0
1428 0
1429 -4
1430 -4
1431 -2
1432 -2
1433 -2
1434 0
1435 0
1436 0
1437 0
1438 0
1439 0
1440 0
1441 0
1442 0
1443 0
1444 0
1445 0
1446 0
1447 0
1448 0
1449 0
1450 0
1451 0
1452 -6
1453 -6
1454 -4
1455 0
1456 0
1457 -6
1458 0
1459 0
1460 0
1461 -6
1462 -2
1463 -2
1464 -2
1465 -2
1466 -2
1467 -2
1468 -2
1469 -2
1470 -2
1471 -4
1472 0
1473 -4
1474 -4
1475 -4
1476 0
1477 -2
1478 -2
1479 0
1480 0
1481 0
1482 -6
1483 -2
1484 -2
1485 -6
1486 -2
1487 -2
1488 -2
1489 -2
1490 -2
1491 0
1492 0
1493 0
1494 0
1495 -2
1496 0
1497 -4
1498 -4
1499 -4
1500 0
1501 0
1502 -2
1503 0
1504 -2
1505 -2
1506 -2
1507 -2
1508 0
1509 -2
1510 -6
1511 0
1512 0
1513 -2
1514 0
1515 0
1516 -2
1517 -2
1518 -2
1519 0
1520 -4
1521 -6
1522 -4
1523 -6
1524 -2
1525 -2
1526 -2
1527 -2
1528 -4
1529 -2
1530 -2
1531 -2
1532 0
1533 0
1534 0
1535 -2
1536 -2
1537 -2
1538 0
1539 0
1540 0
1541 0
1542 0
1543 -2
1544 0
1545 0
1546 0
1547 0
1548 0
1549 -2
1550 0
1551 0
1552 0
1553 0
1554 0
1555 0
1556 0
1557 0
1558 0
1559 0
1560 -2
1561 -2
1562 0
1563 0
1564 0
1565 0
1566 0
1567 0
1568 0
1569 0
1570 0
1571 0
1572 0
1573 0
1574 0
1575 0
1576 0
1577 0
1578 0
1579 0
1580 0
1581 0
1582 0
1583 -2
1584 -2
1585 -2
1586 -2
1587 0
1588 0
1589 -2
1590 -2
1591 -2
1592 0
1593 0
1594 0
1595 0
1596 0
1597 0
1598 0
1599 0
1600 0
1601 0
1602 0
1603 0
1604 0
1605 0
1606 0
1607 0
1608 0
1609 -2
1610 -2
1611 -2
1612 0
1613 0
1614 -4
1615 -2
1616 -2
1617 -2
1618 -4
1619 -2
1620 -2
1621 -2
1622 -2
1623 -2
1624 -2
1625 -2
1626 -4
1627 0
1628 0
1629 0
1630 0
1631 0
1632 0
1633 0
1634 0
1635 0
1636 0
1637 -2
1638 0
1639 0
1640 0
1641 -4
1642 0
1643 0
1644 -2
1645 -2
1646 -2
1647 -2
1648 -2
1649 -2
1650 -2
1651 -2
1652 -2
1653 0
1654 0
1655 0
1656 -2
1657 -2
1658 -2
1659 -2
1660 -6
1661 -6
1662 -4
1663 -2
1664 -4
1665 -2
1666 -2
1667 -4
1668 -4
1669 -4
1670 -2
1671 -2
1672 -2
1673 -2
1674 -2
1675 -2
1676 -2
1677 -2
1678 -2
1679 -2
1680 -2
1681 0
1682 -2
1683 -2
1684 -4
1685 -4
1686 0
1687 0
1688 0
1689 0
1690 0
1691 -4
1692 -2
1693 -4
1694 -2
1695 -2
1696 0
1697 0
1698 0
1699 0
1700 -2
1701 -2
1702 -2
1703 0
1704 -2
1705 0
1706 -2
1707 -2
1708 -2
1709 0
1710 0
1711 0
1712 -2
1713 -2
1714 -4
1715 -4
1716 -4
1717 -4
1718 -4
1719 -4
1720 0
1721 0
1722 0
1723 0
1724 0
1725 -2
1726 -2
1727 -2
1728 -2
1729 0
1730 0
1731 -2
1732 -2
1733 0
1734 -4
1735 -4
1736 -6
1737 -4
1738 -2
1739 0
1740 0
1741 0
1742 -2
1743 -2
1744 -2
1745 -2
1746 -2
1747 -2
1748 -2
1749 -2
1750 -2
1751 -2
1752 -4
1753 -2
1754 -2
1755 -2
1756 -2
1757 -2
1758 -2
1759 -2
1760 -2
1761 -2
1762 -2
1763 -4
1764 -2
1765 -2
1766 0
1767 0
1768 -2
1769 -2
1770 -2
1771 -2
1772 0
1773 0
1774 0
1775 -2
1776 -2
1777 -2
1778 -2
1779 0
1780 0
1781 0
1782 0
1783 0
1784 0
1785 0
1786 0
1787 0
1788 0
1789 0
1790 -2
1791 -2
1792 0
1793 0
1794 0
1795 0
1796 0
1797 0
1798 0
1799 -2
1800 0
1801 0
1802 0
1803 -2
1804 0
1805 0
1806 0
1807 0
1808 -2
1809 -4
1810 -4
1811 -2
1812 -2
1813 -4
1814 -2
1815 -2
1816 -4
1817 -2
1818 -2
1819 0
1820 0
1821 0
1822 0
1823 0
1824 0
1825 0
1826 -2
1827 -2
1828 -2
1829 0
1830 0
1831 0
1832 -2
1833 0
1834 -2
1835 -2
1836 -2
1837 -4
1838 -2
1839 -2
1840 -2
1841 -2
1842 -2
1843 -2
1844 -2
1845 0
1846 0
1847 0
1848 0
1849 -2
1850 -2
1851 -2
1852 -2
1853 -2
1854 -2
1855 -2
1856 -4
1857 0
1858 0
1859 0
1860 0
1861 0
1862 -4
1863 0
1864 0
1865 -2
1866 -2
1867 -6
1868 0
1869 0
1870 0
1871 0
1872 -2
1873 -2
1874 -2
1875 -2
1876 -2
1877 -2
1878 -4
1879 -4
1880 -4
1881 -2
1882 0
1883 0
1884 0
1885 -2
1886 0
1887 -2
1888 -2
1889 -4
1890 -4
1891 -2
1892 -4
1893 -2
1894 0
1895 0
1896 -2
1897 0
1898 0
1899 0
1900 0
1901 0
1902 -4
1903 -2
1904 -2
1905 -2
1906 -2
1907 -4
1908 -4
1909 -2
1910 -2
1911 -4
1912 -4
1913 -4
1914 -4
1915 -4
1916 0
1917 0
1918 -4
1919 -4
1920 -4
1921 -2
1922 0
1923 -2
1924 0
1925 0
1926 0
1927 0
1928 0
1929 0
1930 0
1931 0
1932 0
1933 0
1934 0
1935 -2
1936 -2
1937 0
1938 0
1939 0
1940 0
1941 -2
1942 -2
1943 -2
1944 -4
1945 0
1946 0
1947 0
1948 0
1949 0
1950 0
1951 -4
1952 -4
1953 -4
1954 -2
1955 -2
1956 0
1957 0
1958 0
1959 0
1960 0
1961 0
1962 0
1963 0
1964 0
1965 -2
1966 0
1967 0
1968 0
1969 0
1970 -4
1971 -2
1972 0
1973 0
1974 0
1975 -2
1976 0
1977 0
1978 0
1979 0
1980 0
1981 0
1982 -4
1983 -4
1984 -4
1985 -4
1986 -4
1987 0
1988 0
1989 -2
1990 -2
1991 -2
1992 -2
1993 -2
1994 -4
1995 -4
1996 -4
1997 -2
1998 -2
1999 -2
2000 0
2001 0
2002 0
2003 -2
2004 -2
2005 -2
2006 -2
2007 -6
2008 -4
2009 -2
2010 0
2011 0
2012 -2
2013 0
2014 0
2015 -2
2016 -2
2017 0
2018 0
2019 0
2020 0
2021 0
2022 -2
2023 -2
2024 -2
2025 0
2026 0
2027 0
2028 0
2029 0
2030 0
2031 0
2032 0
2033 -2
2034 -2
2035 0
2036 0
2037 -2
2038 -2
2039 -2
2040 -2
2041 -4
2042 0
2043 0
2044 0
2045 -2
2046 -2
2047 -2
2048 -2
2049 -6
2050 -6
2051 -4
2052 -2
2053 0
2054 0
2055 0
2056 0
2057 0
2058 0
2059 -2
2060 -2
2061 -2
2062 0
2063 0
2064 -2
2065 -4
2066 -2
2067 -2
2068 -2
2069 -2
2070 -2
2071 0
2072 0
2073 0
2074 0
2075 0
2076 0
2077 0
2078 0
2079 0
2080 0
2081 0
2082 -4
2083 -2
2084 -2
2085 -2
2086 -4
2087 -2
2088 -2
2089 -2
2090 -2
2091 -2
2092 -2
2093 -2
2094 0
2095 0
2096 0
2097 0
2098 0
2099 0
2100 0
2101 0
2102 0
2103 0
2104 0
2105 0
2106 0
2107 0
2108 -2
2109 -2
2110 -2
2111 -2
2112 -4
2113 -2
2114 -2
2115 -2
2116 -2
2117 0
2118 0
2119 0
2120 -4
2121 -2
2122 -2
2123 0
2124 0
2125 0
2126 0
2127 0
2128 0
2129 0
2130 0
2131 -4
2132 -4
2133 -4
2134 0
2135 0
2136 -2
2137 -2
2138 -2
2139 0
2140 0
2141 0
2142 0
2143 0
2144 0
2145 0
2146 0
2147 -2
2148 0
2149 0
2150 -2
2151 0
2152 0
2153 0
2154 0
2155 0
2156 -2
2157 -2
2158 -2
2159 0
2160 0
2161 -2
2162 -2
2163 -4
2164 -4
2165 -4
2166 -2
2167 -2
2168 -2
2169 -2
2170 -4
2171 -4
2172 -2
2173 -4
2174 -2
2175 -2
2176 -2
2177 -2
2178 -2
2179 -4
2180 -2
2181 -2
2182 -4
2183 -4
2184 0
2185 0
2186 0
2187 0
2188 0
2189 0
2190 0
2191 0
2192 0
2193 0
2194 0
2195 0
2196 0
2197 0
2198 -2
2199 -2
2200 -2
2201 -2
2202 -2
2203 -2
2204 -2
2205 -4
2206 -4
2207 -2
2208 0
2209 0
2210 0
2211 -2
2212 0
2213 0
2214 0
2215 0
2216 -2
2217 -2
2218 -2
2219 -2
2220 -2
2221 -2
2222 -2
2223 -2
2224 -2
2225 -6
2226 -2
2227 -4
2228 -4
2229 -4
2230 -4
2231 -4
2232 0
2233 -2
2234 -2
2235 -2
2236 -4
2237 -4
2238 -4
2239 -4
2240 -2
2241 0
2242 0
2243 0
2244 0
2245 0
2246 0
2247 -2
2248 -2
2249 -2
2250 -2
2251 -2
2252 -4
2253 -4
2254 -4
2255 -4
2256 0
2257 0
2258 0
2259 0
2260 -2
2261 -2
2262 -2
2263 -2
2264 -2
2265 -2
2266 -2
2267 -2
2268 -2
2269 -2
2270 -2
2271 -6
2272 -4
2273 -4
2274 -4
2275 -4
2276 -6
2277 -4
2278 -4
2279 0
2280 0
2281 0
2282 -2
2283 -2
2284 -4
2285 -2
2286 -4
2287 -2
2288 -2
2289 -2
2290 -2
2291 0
2292 -4
2293 -4
2294 -2
2295 -4
2296 -4
2297 -4
2298 -4
2299 0
2300 -2
2301 0
2302 -2
2303 0
2304 0
2305 -4
2306 -4
2307 0
2308 -2
2309 -2
2310 -2
2311 -2
2312 -2
2313 -2
2314 -2
2315 -2
2316 -2
2317 0
2318 0
2319 0
2320 -4
2321 -4
2322 -4
2323 -6
2324 -2
2325 -6
2326 -2
2327 -4
2328 -4
2329 -4
2330 -2
2331 -2
2332 -2
2333 -4
2334 0
2335 0
2336 0
2337 0
2338 -4
2339 -4
2340 -6
2341 -4
2342 -2
2343 0
2344 -2
2345 -2
2346 -2
2347 0
2348 0
2349 0
2350 -2
2351 -4
2352 -4
2353 -2
2354 -2
2355 -2
2356 0
2357 -2
2358 -2
2359 -6
2360 -6
2361 -6
2362 -6
2363 -4
2364 -2
2365 -2
2366 -2
2367 -2
2368 -4
2369 -4
2370 -6
2371 -4
2372 -4
2373 -4
2374 -2
2375 0
2376 0
2377 0
2378 0
2379 0
2380 0
2381 0
2382 0
2383 0
2384 0
2385 -2
2386 -2
2387 -2
2388 -2
2389 -4
2390 -2
2391 -2
2392 -4
2393 -4
2394 -6
2395 -2
2396 -4
2397 0
2398 0
2399 0
2400 0
2401 0
2402 0
2403 0
2404 0
2405 0
2406 0
2407 -2
2408 0
2409 0
2410 0
2411 0
2412 0
2413 -2
2414 -2
2415 -2
2416 -2
2417 -2
2418 0
2419 0
2420 0
2421 -2
2422 -2
2423 -4
2424 -2
2425 0
2426 0
2427 0
2428 0
2429 -2
2430 -2
2431 -2
2432 -2
2433 -2
2434 -2
2435 0
2436 -4
2437 -2
2438 -2
2439 0
2440 0
2441 0
2442 0
2443 -2
2444 -4
2445 -4
2446 -2
2447 -2
2448 -2
2449 0
2450 0
2451 0
2452 0
2453 0
2454 0
2455 -2
2456 0
2457 0
2458 0
2459 0
2460 0
2461 0
2462 0
2463 0
2464 -2
2465 0
2466 0
2467 0
2468 -2
2469 0
2470 -2
2471 0
2472 0
2473 0
2474 0
2475 -2
2476 -2
2477 -2
2478 -4
2479 -4
2480 -4
2481 -6
2482 -4
2483 -4
2484 -4
2485 -4
2486 0
2487 0
2488 0
2489 -4
2490 0
2491 0
2492 0
2493 0
2494 0
2495 0
2496 0
2497 0
2498 0
2499 -2
2500 -4
2501 -4
2502 -4
2503 0
2504 0
2505 -2
2506 -2
2507 -2
2508 -2
2509 -2
2510 -2
2511 0
2512 0
2513 0
2514 0
2515 0
2516 0
2517 0
2518 0
2519 0
2520 0
2521 0
2522 0
2523 0
2524 0
2525 0
2526 0
2527 0
2528 0
2529 0
2530 0
2531 0
2532 0
2533 0
2534 0
2535 0
2536 0
2537 -2
2538 0
2539 0
2540 -2
2541 -2
2542 0
2543 0
2544 0
2545 0
2546 0
2547 0
2548 -2
2549 0
2550 0
2551 -2
2552 0
2553 0
2554 0
2555 0
2556 0
2557 0
2558 -2
2559 -2
2560 -2
2561 0
2562 0
2563 0
2564 -4
2565 -4
2566 -2
2567 -2
2568 0
2569 0
2570 0
2571 0
2572 0
2573 0
2574 -2
2575 -2
2576 0
2577 0
2578 0
2579 0
2580 0
2581 0
2582 0
2583 0
2584 0
2585 0
2586 0
2587 0
2588 0
2589 0
2590 0
2591 0
2592 0
2593 0
2594 0
2595 -2
2596 -4
2597 0
2598 0
2599 0
2600 -4
2601 0
2602 -4
2603 0
2604 0
2605 0
2606 0
2607 0
2608 0
2609 0
2610 0
2611 0
2612 0
2613 -4
2614 0
2615 0
2616 -4
2617 -4
2618 -6
2619 -4
2620 -6
2621 -4
2622 0
2623 -2
2624 -2
2625 0
2626 0
2627 0
2628 0
2629 0
2630 0
2631 0
2632 -2
2633 -2
2634 -2
2635 0
2636 0
2637 -4
2638 -4
2639 -4
2640 0
2641 -2
2642 -4
2643 -6
2644 -2
2645 -6
2646 -2
2647 -2
2648 -2
2649 -2
2650 -2
2651 -2
2652 -2
2653 -2
2654 -2
2655 -2
2656 -2
2657 -2
2658 -2
2659 0
2660 0
2661 0
2662 0
2663 0
2664 0
2665 -2
2666 -4
2667 -2
2668 -2
2669 -4
2670 -2
2671 0
2672 0
2673 -2
2674 0
2675 0
2676 0
2677 0
2678 0
2679 -2
2680 -2
2681 -2
2682 -2
2683 -2
2684 -4
2685 -4
2686 -4
2687 -2
2688 0
2689 0
2690 0
2691 -2
2692 -2
2693 0
2694 0
2695 0
2696 0
2697 0
2698 0
2699 0
2700 -4
2701 0
2702 -4
2703 -4
2704 -2
2705 -4
2706 -2
2707 -4
2708 0
2709 -4
2710 0
2711 -2
2712 -2
2713 0
2714 0
2715 -2
2716 -4
2717 -4
2718 0
2719 0
2720 0
2721 0
2722 0
2723 0
2724 0
2725 0
2726 0
2727 0
2728 0
2729 0
2730 0
2731 -2
2732 0
2733 0
2734 0
2735 -2
2736 0
2737 0
2738 0
2739 0
2740 -2
2741 0
2742 -2
2743 -2
2744 -2
2745 -2
2746 -2
2747 0
2748 -2
2749 0
2750 -4
2751 0
2752 0
2753 0
2754 -2
2755 0
2756 0
2757 0
2758 0
2759 0
2760 0
2761 0
2762 -2
2763 -2
2764 -2
2765 0
2766 0
2767 0
2768 0
2769 0
2770 -2
2771 -2
2772 -2
2773 -2
2774 -2
2775 0
2776 0
2777 0
2778 0
2779 0
2780 0
2781 0
2782 -2
2783 -2
2784 -2
2785 0
2786 -4
2787 0
2788 0
2789 -4
2790 -2
2791 -2
2792 -4
2793 -2
2794 -2
2795 -2
2796 -2
2797 -2
2798 -4
2799 -4
2800 -2
2801 -2
2802 -2
2803 -4
2804 0
2805 -2
2806 -2
2807 0
2808 -2
2809 0
2810 0
2811 0
2812 0
2813 -2
2814 -2
2815 0
2816 -2
2817 -2
2818 0
2819 0
2820 0
2821 0
2822 0
2823 0
2824 0
2825 0
2826 -2
2827 0
2828 0
2829 0
2830 0
2831 0
2832 0
2833 0
2834 -4
2835 -2
2836 -4
2837 -2
2838 -4
2839 -2
2840 0
2841 -4
2842 -4
2843 -4
2844 -4
2845 -2
2846 -2
2847 0
2848 -2
2849 -4
2850 -2
2851 -2
2852 -4
2853 0
2854 0
2855 0
2856 -2
2857 -2
2858 -2
2859 -2
2860 -2
2861 -2
2862 -2
2863 0
2864 0
2865 -2
2866 -2
2867 -6
2868 -2
2869 -2
2870 0
2871 0
2872 0
2873 0
2874 0
2875 0
2876 0
2877 -2
2878 -2
2879 -2
2880 -2
2881 -2
2882 0
2883 0
2884 0
2885 0
2886 0
2887 0
2888 0
2889 0
2890 -2
2891 -2
2892 -2
2893 -4
2894 -4
2895 -2
2896 -2
2897 -4
2898 0
2899 0
2900 0
2901 -2
2902 -4
2903 -2
2904 -4
2905 0
2906 0
2907 0
2908 0
2909 0
2910 0
2911 0
2912 0
2913 0
2914 0
2915 -2
2916 -2
2917 -2
2918 -2
2919 -2
2920 0
2921 -2
2922 -2
2923 -2
2924 -4
2925 -6
2926 -8
