0 129
1 106
2 87
3 72
4 72
5 72
6 72
7 72
8 55
9 55
10 55
11 55
12 55
13 55
14 55
15 47
16 47
17 39
18 39
19 39
20 29
21 29
22 29
23 29
24 20
25 15
26 15
27 15
28 10
29 10
30 10
31 10
32 10
33 5
34 1
35 1
36 1
37 1
38 1
39 1
40 1
41 1
42 1
43 1
44 1
45 -3
46 -3
47 -3
48 -3
49 -6
50 -6
51 -6
52 -6
53 -6
54 -6
55 -6
56 -6
57 -6
58 -6
59 -6
60 -6
61 -6
62 -8
63 -8
64 -8
65 -8
66 -8
67 -8
68 -8
69 -8
70 -8
71 -8
72 -8
73 -8
74 -8
75 -8
76 -8
77 -8
78 -8
79 -8
80 -8
81 -8
82 -8
83 -8
84 -8
85 -8
86 -8
87 -8
88 -8
89 -8
90 -8
91 -8
92 -8
93 -8
94 -8
95 -8
96 -8
97 -8
98 -8
99 -8
100 -8
101 -8
102 -8
103 -8
104 -8
105 -8
106 -8
107 -10
108 -10
109 -10
110 -10
111 -10
112 -10
113 -10
114 -10
115 -10
116 -10
117 -10
118 -10
119 -10
120 -10
121 -10
122 -10
123 -10
124 -10
125 -10
126 -10
127 -10
128 -12
