0 170
1 170
2 170
3 170
4 170
5 170
6 150
7 150
8 150
9 150
10 127
11 127
12 114
13 114
14 100
15 100
16 96
17 86
18 72
19 72
20 70
21 60
22 60
23 60
24 60
25 60
26 60
27 60
28 60
29 60
30 60
31 48
32 33
33 33
34 33
35 31
36 31
37 25
38 25
39 25
40 21
41 21
42 21
43 21
44 21
45 21
46 21
47 21
48 21
49 21
50 21
51 21
52 15
53 15
54 15
55 15
56 15
57 12
58 12
59 12
60 12
61 10
62 10
63 10
64 10
65 10
66 10
67 10
68 10
69 10
70 10
71 8
72 8
73 8
74 8
75 8
76 8
77 1
78 1
79 1
80 1
81 1
82 1
83 1
84 1
85 1
86 1
87 1
88 1
89 1
90 1
91 1
92 1
93 1
94 1
95 1
96 1
97 1
98 1
99 1
100 1
101 1
102 1
103 1
104 1
105 1
106 1
107 1
108 1
109 1
110 1
111 1
112 1
113 1
114 1
115 1
116 1
117 1
118 1
119 1
120 1
121 1
122 1
123 1
124 1
125 1
126 1
127 1
128 1
129 1
130 1
131 1
132 1
133 1
134 1
135 1
136 1
137 1
138 1
139 1
140 1
141 1
142 -5
143 -5
144 -5
145 -5
146 -5
147 -5
148 -5
149 -5
150 -5
151 -5
152 -5
153 -5
154 -5
155 -5
156 -5
157 -5
158 -5
159 -5
160 -5
161 -5
162 -5
163 -5
164 -5
165 -5
166 -5
167 -5
168 -5
169 -5
170 -5
171 -5
172 -5
173 -5
174 -5
175 -5
176 -5
177 -5
178 -5
179 -6
180 -6
181 -6
182 -6
183 -6
184 -6
185 -6
186 -6
187 -6
188 -6
189 -6
190 -6
191 -6
192 -6
193 -6
194 -6
195 -6
196 -6
197 -6
198 -8
199 -8
200 -8
201 -8
202 -8
203 -8
204 -8
205 -8
206 -8
207 -8
208 -8
209 -8
210 -8
211 -8
212 -8
213 -8
214 -8
215 -8
216 -8
217 -8
218 -8
219 -8
220 -8
221 -8
222 -8
223 -10
224 -10
225 -10
226 -10
227 -10
228 -10
229 -10
230 -10
231 -10
232 -10
233 -10
234 -10
235 -10
236 -10
237 -10
238 -10
239 -10
240 -10
241 -10
242 -10
243 -10
244 -10
245 -10
246 -10
247 -10
248 -10
249 -10
250 -10
251 -10
252 -10
253 -10
254 -10
255 -10
256 -10
257 -10
258 -10
259 -10
260 -10
261 -10
262 -10
263 -10
264 -10
265 -10
266 -10
267 -10
268 -10
269 -11
270 -11
271 -11
272 -11
273 -11
274 -11
275 -11
276 -11
277 -11
278 -11
279 -11
280 -11
281 -11
282 -11
283 -11
284 -11
285 -11
286 -11
287 -11
288 -11
289 -11
290 -11
291 -11
292 -11
293 -11
294 -11
295 -11
296 -11
297 -11
298 -11
299 -11
300 -11
301 -11
302 -11
303 -11
304 -11
305 -11
306 -11
307 -11
308 -11
309 -11
310 -11
311 -11
312 -11
313 -11
314 -11
315 -11
316 -11
317 -11
318 -11
319 -11
320 -11
321 -11
322 -11
323 -11
324 -11
325 -11
326 -11
327 -11
328 -11
329 -11
330 -11
331 -11
332 -11
333 -11
334 -11
335 -11
336 -11
337 -11
338 -11
339 -11
340 -11
341 -11
342 -11
343 -11
344 -11
345 -11
346 -11
347 -11
348 -11
349 -11
350 -11
351 -11
352 -11
353 -11
354 -11
355 -11
356 -11
357 -11
358 -11
359 -11
360 -11
361 -11
362 -11
363 -11
364 -11
365 -11
366 -11
367 -11
368 -11
369 -11
370 -11
371 -11
372 -11
373 -11
374 -11
375 -11
376 -11
377 -11
378 -11
379 -11
380 -11
381 -11
382 -11
383 -11
384 -11
385 -11
386 -11
387 -11
388 -11
389 -11
390 -11
391 -11
392 -11
393 -11
394 -11
395 -11
396 -11
397 -11
398 -11
399 -11
400 -11
401 -11
402 -11
403 -11
404 -11
405 -11
406 -11
407 -11
408 -11
409 -11
410 -11
411 -11
412 -11
413 -11
414 -11
415 -11
416 -11
417 -11
418 -11
419 -11
420 -11
421 -11
422 -11
423 -11
424 -11
425 -11
426 -11
427 -11
428 -11
429 -11
430 -11
431 -11
432 -11
433 -11
434 -11
435 -11
436 -11
437 -11
438 -11
439 -11
440 -11
441 -11
442 -11
443 -11
444 -11
445 -11
446 -11
447 -11
448 -11
449 -11
450 -11
451 -11
452 -11
453 -11
454 -11
455 -11
456 -11
457 -11
458 -11
459 -11
460 -11
461 -11
462 -11
463 -11
464 -11
465 -11
466 -11
467 -11
468 -11
469 -11
470 -11
471 -11
472 -11
473 -11
474 -11
475 -11
476 -11
477 -11
478 -11
479 -11
480 -11
481 -11
482 -11
483 -11
484 -11
485 -11
486 -11
487 -11
488 -11
489 -11
490 -11
491 -11
492 -11
493 -11
494 -11
495 -11
496 -11
497 -11
498 -11
499 -11
500 -11
501 -11
502 -11
503 -11
504 -11
505 -11
506 -11
507 -11
508 -11
509 -11
510 -11
511 -11
512 -11
513 -11
514 -11
515 -11
516 -11
517 -11
518 -11
519 -11
520 -11
521 -11
522 -11
523 -11
524 -11
525 -11
526 -11
527 -11
528 -11
529 -11
530 -11
531 -11
532 -11
533 -11
534 -11
535 -11
536 -11
537 -11
538 -11
539 -11
540 -11
541 -11
542 -11
543 -11
544 -11
545 -11
546 -11
547 -11
548 -11
549 -11
550 -11
551 -11
552 -11
553 -11
554 -11
555 -11
556 -11
557 -11
558 -11
559 -11
560 -11
561 -11
562 -11
563 -11
564 -11
565 -11
566 -11
567 -11
568 -11
569 -11
570 -11
571 -11
572 -11
573 -11
574 -11
575 -11
576 -11
577 -11
578 -11
579 -11
580 -11
581 -11
582 -11
583 -11
584 -11
585 -11
586 -11
587 -11
588 -11
589 -11
590 -11
591 -11
592 -11
593 -11
594 -11
595 -11
596 -11
597 -11
598 -11
599 -11
600 -11
601 -11
602 -11
603 -11
604 -11
605 -11
606 -11
607 -11
608 -11
609 -11
610 -11
611 -11
612 -11
613 -11
614 -11
615 -11
616 -11
617 -11
618 -11
619 -11
620 -11
621 -11
622 -11
623 -11
624 -11
625 -11
626 -11
627 -11
628 -11
629 -11
630 -11
631 -11
632 -11
633 -11
634 -11
635 -11
636 -11
637 -11
638 -11
639 -11
640 -11
641 -11
642 -11
643 -11
644 -11
645 -11
646 -11
647 -11
648 -11
649 -11
650 -11
651 -11
652 -11
653 -11
654 -11
655 -11
656 -11
657 -11
658 -11
659 -11
660 -11
661 -11
662 -11
663 -11
664 -11
665 -11
666 -11
667 -11
668 -11
669 -11
670 -11
671 -11
672 -11
673 -11
674 -11
675 -11
676 -11
677 -11
678 -11
679 -11
680 -11
681 -11
682 -11
683 -11
684 -11
685 -11
686 -11
687 -11
688 -11
689 -11
690 -11
691 -11
692 -11
693 -11
694 -11
695 -11
696 -11
697 -11
698 -11
699 -11
700 -11
701 -11
702 -11
703 -11
704 -11
705 -11
706 -11
707 -11
708 -11
709 -11
710 -11
711 -11
712 -11
713 -11
714 -11
715 -11
716 -11
717 -11
718 -11
719 -11
720 -11
721 -11
722 -11
723 -11
724 -11
725 -11
726 -11
727 -11
728 -11
729 -11
730 -11
731 -11
732 -11
733 -11
734 -11
735 -11
736 -11
737 -11
738 -11
739 -11
740 -11
741 -11
742 -11
743 -11
744 -11
745 -11
746 -11
747 -11
748 -11
749 -11
750 -11
751 -11
752 -11
753 -11
754 -11
755 -11
756 -11
757 -11
758 -11
759 -11
760 -11
761 -11
762 -11
763 -11
764 -11
765 -11
766 -11
767 -11
768 -11
769 -11
770 -11
771 -11
772 -11
773 -11
774 -11
775 -11
776 -11
777 -11
778 -11
779 -11
780 -11
781 -11
782 -11
783 -11
784 -11
785 -11
786 -11
787 -11
788 -11
789 -11
790 -11
791 -11
792 -11
793 -11
794 -11
795 -11
796 -11
797 -11
798 -11
799 -11
800 -11
801 -11
802 -11
803 -11
804 -11
805 -11
806 -11
807 -11
808 -11
809 -11
810 -11
811 -11
812 -11
813 -11
814 -11
815 -11
816 -11
817 -11
818 -11
819 -11
820 -11
821 -11
822 -11
823 -11
824 -11
825 -11
826 -11
827 -11
828 -11
829 -11
830 -11
831 -11
832 -11
833 -11
834 -11
835 -11
836 -11
837 -11
838 -11
839 -11
840 -11
841 -11
842 -11
843 -11
844 -11
845 -11
846 -11
847 -11
848 -11
849 -11
850 -11
851 -11
852 -11
853 -11
854 -11
855 -11
856 -11
857 -11
858 -11
859 -11
860 -11
861 -11
862 -11
863 -11
864 -11
865 -11
866 -11
867 -11
868 -11
869 -11
870 -11
871 -11
872 -11
873 -11
874 -11
875 -11
876 -11
877 -11
878 -11
879 -11
880 -11
881 -11
882 -11
883 -11
884 -11
885 -11
886 -11
887 -11
888 -11
889 -11
890 -11
891 -11
892 -11
893 -11
894 -11
895 -11
896 -11
897 -11
898 -11
899 -11
900 -11
901 -11
902 -11
903 -11
904 -11
905 -11
906 -11
907 -11
908 -11
909 -11
910 -11
911 -11
912 -11
913 -11
914 -11
915 -11
916 -11
917 -11
918 -11
919 -11
920 -11
921 -11
922 -11
923 -11
924 -11
925 -11
926 -11
927 -11
928 -11
929 -11
930 -11
931 -11
932 -11
933 -11
934 -11
935 -11
936 -11
937 -11
938 -11
939 -11
940 -11
941 -11
942 -11
943 -11
944 -11
945 -11
946 -11
947 -11
948 -13
949 -13
950 -13
951 -13
952 -13
953 -13
954 -13
955 -13
956 -13
957 -13
958 -13
959 -13
960 -13
961 -13
962 -13
963 -13
964 -13
965 -13
966 -13
967 -13
968 -13
969 -13
970 -13
971 -13
972 -13
973 -13
974 -13
975 -13
976 -13
977 -13
978 -13
979 -13
980 -13
981 -13
982 -13
983 -13
984 -13
985 -13
986 -13
987 -13
988 -13
989 -13
990 -13
991 -13
992 -13
993 -13
994 -13
995 -13
996 -13
997 -13
998 -13
999 -13
1000 -13
1001 -13
1002 -13
1003 -13
1004 -13
1005 -13
1006 -13
1007 -13
1008 -13
1009 -13
1010 -13
1011 -13
1012 -13
1013 -13
1014 -13
1015 -13
1016 -13
1017 -13
1018 -13
1019 -13
1020 -13
1021 -13
1022 -13
1023 -13
1024 -13
1025 -13
1026 -13
1027 -13
1028 -13
1029 -13
1030 -13
1031 -13
1032 -13
1033 -13
1034 -13
1035 -13
1036 -13
1037 -13
1038 -13
1039 -13
1040 -13
1041 -13
1042 -13
1043 -13
1044 -13
1045 -13
1046 -13
1047 -13
1048 -13
1049 -13
1050 -13
1051 -13
1052 -13
1053 -13
1054 -13
1055 -13
1056 -13
1057 -13
1058 -13
1059 -13
1060 -13
1061 -13
1062 -13
1063 -13
1064 -13
1065 -13
1066 -13
1067 -13
1068 -13
1069 -13
1070 -13
1071 -13
1072 -13
1073 -13
1074 -13
1075 -13
1076 -13
1077 -13
1078 -13
1079 -13
1080 -13
1081 -13
1082 -13
1083 -13
1084 -13
1085 -13
1086 -13
1087 -13
1088 -13
1089 -13
1090 -13
1091 -13
1092 -13
1093 -13
1094 -13
1095 -13
1096 -13
1097 -13
1098 -13
1099 -13
1100 -13
1101 -13
1102 -13
1103 -13
1104 -13
1105 -13
1106 -13
1107 -13
1108 -13
1109 -13
1110 -13
1111 -13
1112 -13
1113 -13
1114 -13
1115 -13
1116 -13
1117 -13
1118 -13
1119 -13
1120 -13
1121 -13
1122 -13
1123 -13
1124 -13
1125 -13
1126 -13
1127 -13
1128 -13
1129 -13
1130 -13
1131 -13
1132 -13
1133 -13
1134 -13
1135 -13
1136 -13
1137 -13
1138 -13
1139 -13
1140 -13
1141 -13
1142 -13
1143 -13
1144 -13
1145 -13
1146 -13
1147 -13
1148 -13
1149 -13
1150 -13
1151 -13
1152 -13
1153 -13
1154 -13
1155 -13
1156 -13
1157 -13
1158 -13
1159 -13
1160 -13
1161 -13
1162 -13
1163 -13
1164 -13
1165 -13
1166 -13
1167 -13
1168 -13
1169 -13
1170 -13
1171 -13
1172 -13
1173 -13
1174 -13
1175 -13
1176 -13
1177 -13
1178 -13
1179 -13
1180 -13
1181 -13
1182 -13
1183 -13
1184 -13
1185 -13
1186 -13
1187 -13
1188 -13
1189 -13
1190 -13
1191 -13
1192 -13
1193 -13
1194 -13
1195 -13
1196 -13
1197 -13
1198 -13
1199 -13
1200 -13
1201 -13
1202 -13
1203 -13
1204 -13
1205 -13
1206 -13
1207 -13
1208 -13
1209 -13
1210 -13
1211 -13
1212 -13
1213 -13
1214 -13
1215 -13
1216 -13
1217 -13
1218 -13
1219 -13
1220 -13
1221 -13
1222 -13
1223 -13
1224 -13
1225 -13
1226 -13
1227 -13
1228 -13
1229 -13
1230 -13
1231 -13
1232 -13
1233 -13
1234 -13
1235 -13
1236 -13
1237 -13
1238 -13
1239 -13
1240 -13
1241 -13
1242 -13
1243 -13
1244 -13
1245 -13
1246 -13
1247 -13
1248 -13
1249 -13
1250 -13
1251 -13
1252 -13
1253 -13
1254 -13
1255 -13
1256 -13
1257 -13
1258 -13
1259 -13
1260 -13
1261 -13
1262 -13
1263 -13
1264 -13
1265 -13
1266 -13
1267 -13
1268 -13
1269 -13
1270 -13
1271 -13
1272 -13
1273 -13
1274 -13
1275 -13
1276 -13
1277 -13
1278 -13
1279 -13
1280 -13
1281 -13
1282 -13
1283 -13
1284 -13
1285 -13
1286 -13
1287 -13
1288 -13
1289 -13
1290 -13
1291 -13
1292 -13
1293 -13
1294 -13
1295 -13
1296 -13
1297 -13
1298 -13
1299 -13
1300 -13
1301 -13
1302 -13
1303 -13
1304 -13
1305 -13
1306 -13
1307 -13
1308 -13
1309 -13
1310 -13
1311 -13
1312 -13
1313 -13
1314 -13
1315 -13
1316 -13
1317 -13
1318 -13
1319 -13
1320 -13
1321 -13
1322 -13
1323 -13
1324 -13
1325 -13
1326 -13
1327 -13
1328 -13
1329 -13
1330 -13
1331 -13
1332 -13
1333 -13
1334 -13
1335 -13
1336 -13
1337 -13
1338 -13
1339 -13
1340 -13
1341 -13
1342 -13
1343 -13
1344 -13
1345 -13
1346 -13
1347 -13
1348 -13
1349 -13
1350 -13
1351 -13
1352 -13
1353 -13
1354 -13
1355 -13
1356 -13
1357 -13
1358 -13
1359 -13
1360 -13
1361 -13
1362 -13
1363 -13
1364 -13
1365 -13
1366 -13
1367 -13
1368 -13
1369 -13
1370 -13
1371 -13
1372 -13
1373 -13
1374 -13
1375 -13
1376 -13
1377 -13
1378 -13
1379 -13
1380 -13
1381 -13
1382 -13
1383 -13
1384 -13
1385 -13
1386 -13
1387 -13
1388 -13
1389 -13
1390 -13
1391 -13
1392 -13
1393 -13
1394 -13
1395 -13
1396 -13
1397 -13
1398 -13
1399 -13
1400 -13
1401 -13
1402 -13
1403 -13
1404 -13
1405 -13
1406 -13
1407 -13
1408 -13
1409 -13
1410 -13
1411 -13
1412 -13
1413 -13
1414 -13
1415 -13
1416 -13
1417 -13
1418 -13
1419 -13
1420 -13
1421 -13
1422 -13
1423 -13
1424 -13
1425 -13
1426 -13
1427 -13
1428 -13
1429 -13
1430 -13
1431 -13
1432 -13
1433 -13
1434 -13
1435 -13
1436 -13
1437 -13
1438 -13
1439 -13
1440 -13
1441 -13
1442 -13
1443 -13
1444 -13
1445 -13
1446 -13
1447 -13
1448 -13
1449 -13
1450 -13
1451 -13
1452 -13
1453 -13
1454 -13
1455 -13
1456 -13
1457 -13
1458 -13
1459 -13
1460 -13
1461 -13
1462 -13
1463 -13
1464 -13
1465 -13
1466 -13
1467 -13
1468 -13
1469 -13
1470 -13
1471 -13
1472 -13
1473 -13
1474 -13
1475 -13
1476 -13
1477 -13
1478 -13
1479 -13
1480 -13
1481 -13
1482 -13
1483 -13
1484 -13
1485 -13
1486 -13
1487 -13
1488 -13
1489 -13
1490 -13
1491 -13
1492 -13
1493 -13
1494 -13
1495 -13
1496 -13
1497 -13
1498 -13
1499 -13
1500 -13
1501 -13
1502 -13
1503 -13
1504 -13
1505 -13
1506 -13
1507 -13
1508 -13
1509 -13
1510 -13
1511 -13
1512 -13
1513 -13
1514 -13
1515 -13
1516 -13
1517 -13
1518 -13
1519 -13
1520 -13
1521 -13
1522 -13
1523 -13
1524 -13
1525 -13
1526 -13
1527 -13
1528 -13
1529 -13
1530 -13
1531 -13
1532 -13
1533 -13
1534 -13
1535 -13
1536 -13
1537 -13
1538 -13
1539 -13
1540 -13
1541 -13
1542 -13
1543 -13
1544 -13
1545 -13
1546 -13
1547 -13
1548 -13
1549 -13
1550 -13
1551 -13
1552 -13
1553 -13
1554 -13
1555 -13
1556 -13
1557 -13
1558 -13
1559 -13
1560 -13
1561 -13
1562 -13
1563 -13
1564 -13
1565 -13
1566 -13
1567 -13
1568 -13
1569 -13
1570 -13
1571 -13
1572 -13
1573 -13
1574 -13
1575 -13
1576 -13
1577 -13
1578 -13
1579 -13
1580 -13
1581 -13
1582 -13
1583 -13
1584 -13
1585 -13
1586 -13
1587 -13
1588 -13
1589 -13
1590 -13
1591 -13
1592 -13
1593 -13
1594 -13
1595 -13
1596 -13
1597 -13
1598 -13
1599 -13
1600 -13
1601 -13
1602 -13
1603 -13
1604 -13
1605 -13
1606 -13
1607 -13
1608 -13
1609 -13
1610 -13
1611 -13
1612 -13
1613 -13
1614 -13
1615 -13
1616 -13
1617 -13
1618 -13
1619 -13
1620 -13
1621 -13
1622 -13
1623 -13
1624 -13
1625 -13
1626 -13
1627 -13
1628 -13
1629 -13
1630 -13
1631 -13
1632 -13
1633 -13
1634 -13
1635 -13
1636 -13
1637 -13
1638 -13
1639 -13
1640 -13
1641 -13
1642 -13
1643 -13
1644 -13
1645 -13
1646 -13
1647 -13
1648 -13
1649 -13
1650 -13
1651 -13
1652 -13
1653 -13
1654 -13
1655 -13
1656 -13
1657 -13
1658 -13
1659 -13
1660 -13
1661 -13
1662 -13
1663 -13
1664 -13
1665 -13
1666 -13
1667 -13
1668 -13
1669 -13
1670 -13
1671 -13
1672 -13
1673 -13
1674 -13
1675 -13
1676 -13
1677 -13
1678 -13
1679 -13
1680 -13
1681 -13
1682 -13
1683 -13
1684 -13
1685 -13
1686 -13
1687 -13
1688 -13
1689 -13
1690 -13
1691 -13
1692 -13
1693 -13
1694 -13
1695 -13
1696 -13
1697 -13
1698 -13
1699 -13
1700 -13
1701 -13
1702 -13
1703 -13
1704 -13
1705 -13
1706 -13
1707 -13
1708 -13
1709 -13
1710 -13
1711 -13
1712 -13
1713 -13
1714 -13
1715 -13
1716 -13
1717 -13
1718 -13
1719 -13
1720 -13
1721 -13
1722 -13
1723 -13
1724 -13
1725 -13
1726 -13
1727 -13
1728 -13
1729 -13
1730 -13
1731 -13
1732 -13
1733 -13
1734 -13
1735 -13
1736 -13
1737 -13
1738 -13
1739 -13
1740 -13
1741 -13
1742 -13
1743 -13
1744 -13
1745 -13
1746 -13
1747 -13
1748 -13
1749 -13
1750 -13
1751 -13
1752 -13
1753 -13
1754 -13
1755 -13
1756 -13
1757 -13
1758 -13
1759 -13
1760 -13
1761 -13
1762 -13
1763 -13
1764 -13
1765 -13
1766 -13
1767 -13
1768 -13
1769 -13
1770 -13
1771 -13
1772 -13
1773 -13
1774 -13
1775 -13
1776 -13
1777 -13
1778 -13
1779 -13
1780 -13
1781 -13
1782 -13
1783 -13
1784 -13
1785 -13
1786 -13
1787 -13
1788 -13
1789 -13
1790 -13
1791 -13
1792 -13
1793 -13
1794 -13
1795 -13
1796 -13
1797 -13
1798 -13
1799 -13
1800 -13
1801 -13
1802 -13
1803 -13
1804 -13
1805 -13
1806 -13
1807 -13
1808 -13
1809 -13
1810 -13
1811 -13
1812 -13
1813 -13
1814 -13
1815 -13
1816 -13
1817 -13
1818 -13
1819 -13
1820 -13
1821 -13
1822 -13
1823 -13
1824 -13
1825 -13
1826 -13
1827 -13
1828 -13
1829 -13
1830 -13
1831 -13
1832 -13
1833 -13
1834 -13
1835 -13
1836 -13
1837 -13
1838 -13
1839 -13
1840 -13
1841 -13
1842 -13
1843 -13
1844 -13
1845 -13
1846 -13
1847 -13
1848 -13
1849 -13
1850 -13
1851 -13
1852 -13
1853 -13
1854 -13
1855 -13
1856 -13
1857 -13
1858 -13
1859 -13
1860 -13
1861 -13
1862 -13
1863 -13
1864 -13
1865 -13
1866 -13
1867 -13
1868 -13
1869 -13
1870 -13
1871 -13
1872 -13
1873 -13
1874 -13
1875 -13
1876 -13
1877 -13
1878 -13
1879 -13
1880 -13
1881 -13
1882 -13
1883 -13
1884 -13
1885 -13
1886 -13
1887 -13
1888 -13
1889 -13
1890 -13
1891 -13
1892 -13
1893 -13
1894 -13
1895 -13
1896 -13
1897 -13
1898 -13
1899 -13
1900 -13
1901 -13
1902 -13
1903 -13
1904 -13
1905 -13
1906 -13
1907 -13
1908 -13
1909 -13
1910 -13
1911 -13
1912 -13
1913 -13
1914 -13
1915 -13
1916 -13
1917 -13
1918 -13
1919 -13
1920 -13
1921 -13
1922 -13
1923 -13
1924 -13
1925 -13
1926 -13
1927 -13
1928 -13
1929 -13
1930 -13
1931 -13
1932 -13
1933 -13
1934 -13
1935 -13
1936 -13
1937 -13
1938 -13
1939 -13
1940 -13
1941 -13
1942 -13
1943 -13
1944 -13
1945 -13
1946 -13
1947 -13
1948 -13
1949 -13
1950 -13
1951 -13
1952 -13
1953 -13
1954 -13
1955 -13
1956 -13
1957 -13
1958 -13
1959 -13
1960 -13
1961 -13
1962 -13
1963 -13
1964 -13
1965 -13
1966 -13
1967 -13
1968 -13
1969 -13
1970 -13
1971 -13
1972 -13
1973 -13
1974 -13
1975 -13
1976 -13
1977 -13
1978 -13
1979 -13
1980 -13
1981 -13
1982 -13
1983 -13
1984 -13
1985 -13
1986 -13
1987 -13
1988 -13
1989 -13
1990 -13
1991 -13
1992 -13
1993 -13
1994 -13
1995 -13
1996 -13
1997 -13
1998 -13
1999 -13
2000 -13
2001 -13
2002 -13
2003 -13
2004 -13
2005 -13
2006 -13
2007 -13
2008 -13
2009 -13
2010 -13
2011 -13
2012 -13
2013 -13
2014 -13
2015 -13
2016 -13
2017 -13
2018 -13
2019 -13
2020 -13
2021 -13
2022 -13
2023 -13
2024 -13
2025 -13
2026 -13
2027 -13
2028 -13
2029 -13
2030 -13
2031 -13
2032 -13
2033 -13
2034 -13
2035 -13
2036 -13
2037 -13
2038 -13
2039 -13
2040 -13
2041 -13
2042 -13
2043 -13
2044 -13
2045 -13
2046 -13
2047 -13
2048 -13
2049 -13
2050 -13
2051 -13
2052 -13
2053 -13
2054 -13
2055 -13
2056 -13
2057 -13
2058 -13
2059 -13
2060 -13
2061 -13
2062 -13
2063 -13
2064 -13
2065 -13
2066 -13
2067 -13
2068 -13
2069 -13
2070 -13
2071 -13
2072 -13
2073 -13
2074 -13
2075 -13
2076 -13
2077 -13
2078 -13
2079 -13
2080 -13
2081 -13
2082 -13
2083 -13
2084 -13
2085 -13
2086 -13
2087 -13
2088 -13
2089 -13
2090 -13
2091 -13
2092 -13
2093 -13
2094 -13
2095 -13
2096 -13
2097 -13
2098 -13
2099 -13
2100 -13
2101 -13
2102 -13
2103 -13
2104 -13
2105 -13
2106 -13
2107 -13
2108 -13
2109 -13
2110 -13
2111 -13
2112 -13
2113 -13
2114 -13
2115 -13
2116 -13
2117 -13
2118 -13
2119 -13
2120 -13
2121 -13
2122 -13
2123 -13
2124 -13
2125 -13
2126 -13
2127 -13
2128 -13
2129 -13
2130 -13
2131 -13
2132 -13
2133 -13
2134 -13
2135 -13
2136 -13
2137 -13
2138 -13
2139 -13
2140 -13
2141 -13
2142 -13
2143 -13
2144 -13
2145 -13
2146 -13
2147 -13
2148 -13
2149 -13
2150 -13
2151 -13
2152 -13
2153 -13
2154 -13
2155 -13
2156 -13
2157 -13
2158 -13
2159 -13
2160 -13
2161 -13
2162 -13
2163 -13
2164 -13
2165 -13
2166 -13
2167 -13
2168 -13
2169 -13
2170 -13
2171 -13
2172 -13
2173 -13
2174 -13
2175 -13
2176 -13
2177 -13
2178 -13
2179 -13
2180 -13
2181 -13
2182 -13
2183 -13
2184 -13
2185 -13
2186 -13
2187 -13
2188 -13
2189 -13
2190 -13
2191 -13
2192 -13
2193 -13
2194 -13
2195 -13
2196 -13
2197 -13
2198 -13
2199 -13
2200 -13
2201 -13
2202 -13
2203 -13
2204 -13
2205 -13
2206 -13
2207 -13
2208 -13
2209 -13
2210 -13
2211 -13
2212 -13
2213 -13
2214 -13
2215 -13
2216 -13
2217 -13
2218 -13
2219 -13
2220 -13
2221 -13
2222 -13
2223 -13
2224 -13
2225 -13
2226 -13
2227 -13
2228 -13
2229 -13
2230 -13
2231 -13
2232 -13
2233 -13
2234 -13
2235 -13
2236 -13
2237 -13
2238 -13
2239 -13
2240 -13
2241 -13
2242 -13
2243 -13
2244 -13
2245 -13
2246 -13
2247 -13
2248 -13
2249 -13
2250 -13
2251 -13
2252 -13
2253 -13
2254 -13
2255 -13
2256 -13
2257 -13
2258 -13
2259 -13
2260 -13
2261 -13
2262 -13
2263 -13
2264 -13
2265 -13
2266 -13
2267 -13
2268 -13
2269 -13
2270 -13
2271 -13
2272 -13
2273 -13
2274 -13
2275 -13
2276 -13
2277 -13
2278 -13
2279 -13
2280 -13
2281 -13
2282 -13
2283 -13
2284 -13
2285 -13
2286 -13
2287 -13
2288 -13
2289 -13
2290 -13
2291 -13
2292 -13
2293 -13
2294 -13
2295 -13
2296 -13
2297 -13
2298 -13
2299 -13
2300 -13
2301 -13
2302 -13
2303 -13
2304 -13
2305 -13
2306 -13
2307 -13
2308 -13
2309 -13
2310 -13
2311 -13
2312 -13
2313 -13
2314 -13
2315 -13
2316 -13
2317 -13
2318 -13
2319 -13
2320 -13
2321 -13
2322 -13
2323 -13
2324 -13
2325 -13
2326 -13
2327 -13
2328 -13
2329 -13
2330 -13
2331 -13
2332 -13
2333 -13
2334 -13
2335 -13
2336 -13
2337 -13
2338 -13
2339 -13
2340 -13
2341 -13
2342 -13
2343 -13
2344 -13
2345 -13
2346 -13
2347 -13
2348 -13
2349 -13
2350 -13
2351 -13
2352 -13
2353 -13
2354 -13
2355 -13
2356 -13
2357 -13
2358 -13
2359 -13
2360 -13
2361 -13
2362 -13
2363 -13
2364 -13
2365 -13
2366 -13
2367 -13
2368 -13
2369 -13
2370 -13
2371 -13
2372 -13
2373 -13
2374 -13
2375 -13
2376 -13
2377 -13
2378 -13
2379 -13
2380 -13
2381 -13
2382 -13
2383 -13
2384 -13
2385 -13
2386 -13
2387 -13
2388 -13
2389 -13
2390 -13
2391 -13
2392 -13
2393 -13
2394 -13
2395 -13
2396 -13
2397 -13
2398 -13
2399 -13
2400 -13
2401 -13
2402 -13
2403 -13
2404 -13
2405 -13
2406 -13
2407 -13
2408 -13
2409 -13
2410 -13
2411 -13
2412 -13
2413 -13
2414 -13
2415 -13
2416 -13
2417 -13
2418 -13
2419 -13
2420 -13
2421 -13
2422 -13
2423 -13
2424 -13
2425 -13
2426 -13
2427 -13
2428 -13
2429 -13
2430 -13
2431 -13
2432 -13
2433 -13
2434 -13
2435 -13
2436 -13
2437 -13
2438 -13
2439 -13
2440 -13
2441 -13
2442 -13
2443 -13
2444 -13
2445 -13
2446 -13
2447 -13
2448 -13
2449 -13
2450 -13
2451 -13
2452 -13
2453 -13
2454 -13
2455 -13
2456 -13
2457 -13
2458 -13
2459 -13
2460 -13
2461 -13
2462 -13
2463 -13
2464 -13
2465 -13
2466 -13
2467 -13
2468 -13
2469 -13
2470 -13
2471 -13
2472 -13
2473 -13
2474 -13
2475 -13
2476 -13
2477 -13
2478 -13
2479 -13
2480 -13
2481 -13
2482 -13
2483 -13
2484 -13
2485 -13
2486 -13
2487 -13
2488 -13
2489 -13
2490 -13
2491 -13
2492 -13
2493 -13
2494 -13
2495 -13
2496 -13
2497 -13
2498 -13
2499 -13
2500 -13
2501 -13
2502 -13
2503 -13
2504 -13
2505 -13
2506 -13
2507 -13
2508 -13
2509 -13
2510 -13
2511 -13
2512 -13
2513 -13
2514 -13
2515 -13
2516 -13
2517 -13
2518 -13
2519 -13
2520 -13
2521 -13
2522 -13
2523 -13
2524 -13
2525 -13
2526 -13
2527 -13
2528 -13
2529 -13
2530 -13
2531 -13
2532 -13
2533 -13
2534 -13
2535 -13
2536 -13
2537 -13
2538 -13
2539 -13
2540 -13
2541 -13
2542 -13
2543 -13
2544 -13
2545 -13
2546 -13
2547 -13
2548 -13
2549 -13
2550 -13
2551 -13
2552 -13
2553 -13
2554 -13
2555 -13
2556 -13
2557 -13
2558 -13
2559 -13
2560 -13
2561 -13
2562 -13
2563 -13
2564 -13
2565 -13
2566 -13
2567 -13
2568 -13
2569 -13
2570 -13
2571 -13
2572 -13
2573 -13
2574 -13
2575 -13
2576 -13
2577 -13
2578 -13
2579 -13
2580 -13
2581 -13
2582 -13
2583 -13
2584 -13
2585 -13
2586 -13
2587 -13
2588 -13
2589 -13
2590 -13
2591 -13
2592 -13
2593 -13
2594 -13
2595 -13
2596 -13
2597 -13
2598 -13
2599 -13
2600 -13
2601 -13
2602 -13
2603 -13
2604 -13
2605 -13
2606 -13
2607 -13
2608 -13
2609 -13
2610 -13
2611 -13
2612 -13
2613 -13
2614 -13
2615 -13
2616 -13
2617 -13
2618 -13
2619 -13
2620 -13
2621 -13
2622 -13
2623 -13
2624 -13
2625 -13
2626 -13
2627 -13
2628 -13
2629 -13
2630 -13
2631 -13
2632 -13
2633 -13
2634 -13
2635 -13
2636 -13
2637 -13
2638 -13
2639 -13
2640 -13
2641 -13
2642 -13
2643 -13
2644 -13
2645 -13
2646 -13
2647 -13
2648 -13
2649 -13
2650 -13
2651 -13
2652 -13
2653 -13
2654 -13
2655 -13
2656 -13
2657 -13
2658 -13
2659 -13
2660 -13
2661 -13
2662 -13
2663 -13
2664 -13
2665 -13
2666 -13
2667 -13
2668 -13
2669 -13
2670 -13
2671 -13
2672 -13
2673 -13
2674 -13
2675 -13
2676 -13
2677 -13
2678 -13
2679 -13
2680 -13
2681 -13
2682 -13
2683 -13
2684 -13
2685 -13
2686 -13
2687 -13
2688 -13
2689 -13
2690 -13
2691 -13
2692 -13
2693 -13
2694 -13
2695 -13
2696 -13
2697 -13
2698 -13
2699 -13
2700 -13
2701 -13
2702 -13
2703 -13
2704 -13
2705 -13
2706 -13
2707 -13
2708 -13
2709 -13
2710 -13
2711 -13
2712 -13
2713 -13
2714 -13
2715 -13
2716 -13
2717 -13
2718 -13
2719 -13
2720 -13
2721 -13
2722 -13
2723 -13
2724 -13
2725 -13
2726 -13
2727 -13
2728 -13
2729 -13
2730 -13
2731 -13
2732 -13
2733 -13
2734 -13
2735 -13
2736 -13
2737 -13
2738 -13
2739 -13
2740 -13
2741 -13
2742 -13
2743 -13
2744 -13
2745 -13
2746 -13
2747 -13
2748 -13
2749 -13
2750 -13
2751 -13
2752 -13
2753 -13
2754 -13
2755 -13
2756 -13
2757 -13
2758 -13
2759 -13
2760 -13
2761 -13
2762 -13
2763 -13
2764 -13
2765 -13
2766 -13
2767 -13
2768 -13
2769 -13
2770 -13
2771 -13
2772 -13
2773 -13
2774 -13
2775 -13
2776 -13
2777 -13
2778 -13
2779 -13
2780 -13
2781 -13
2782 -13
2783 -13
2784 -13
2785 -13
2786 -13
2787 -13
2788 -13
2789 -13
2790 -13
2791 -13
2792 -13
2793 -13
2794 -13
2795 -13
2796 -13
2797 -13
2798 -13
2799 -13
2800 -13
2801 -13
2802 -13
2803 -13
2804 -13
2805 -13
2806 -13
2807 -13
2808 -13
2809 -13
2810 -13
2811 -13
2812 -13
2813 -13
2814 -13
2815 -13
2816 -13
2817 -13
2818 -13
2819 -13
2820 -13
2821 -13
2822 -13
2823 -13
2824 -13
2825 -13
2826 -13
2827 -13
2828 -13
2829 -13
2830 -13
2831 -13
2832 -13
2833 -13
2834 -13
2835 -13
2836 -13
2837 -13
2838 -13
2839 -13
2840 -13
2841 -13
2842 -13
2843 -13
2844 -13
2845 -13
2846 -13
2847 -13
2848 -13
2849 -13
2850 -13
2851 -13
2852 -13
2853 -13
2854 -13
2855 -13
2856 -13
2857 -13
2858 -13
2859 -13
2860 -13
2861 -13
2862 -13
2863 -13
2864 -13
2865 -13
2866 -13
2867 -13
2868 -13
2869 -13
2870 -13
2871 -13
2872 -13
2873 -13
2874 -13
2875 -13
2876 -13
2877 -13
2878 -13
2879 -13
2880 -13
2881 -13
2882 -13
2883 -13
2884 -13
2885 -13
2886 -13
2887 -13
2888 -13
2889 -13
2890 -13
2891 -13
2892 -13
2893 -13
2894 -13
2895 -13
2896 -13
2897 -13
2898 -13
2899 -13
2900 -13
2901 -13
2902 -13
2903 -13
2904 -13
2905 -13
2906 -13
2907 -13
2908 -13
2909 -13
2910 -13
2911 -13
2912 -13
2913 -13
2914 -13
2915 -13
2916 -13
2917 -13
2918 -13
2919 -13
2920 -13
2921 -13
2922 -13
2923 -13
2924 -13
2925 -13
2926 -13
2927 -13
2928 -13
2929 -13
2930 -13
2931 -13
2932 -13
2933 -13
2934 -13
2935 -13
2936 -13
2937 -13
2938 -13
2939 -13
2940 -13
2941 -13
2942 -13
2943 -13
2944 -13
2945 -13
2946 -13
2947 -13
2948 -13
2949 -13
2950 -13
2951 -13
2952 -13
2953 -13
2954 -13
2955 -13
2956 -13
2957 -13
2958 -13
2959 -13
2960 -13
2961 -13
2962 -13
2963 -13
2964 -13
2965 -13
2966 -13
2967 -13
2968 -13
2969 -13
2970 -13
2971 -13
2972 -13
2973 -13
2974 -13
2975 -13
2976 -13
2977 -13
2978 -13
2979 -13
2980 -13
2981 -13
2982 -13
2983 -13
2984 -13
2985 -13
2986 -13
2987 -13
2988 -13
2989 -13
2990 -13
2991 -13
2992 -13
2993 -13
2994 -13
2995 -13
2996 -13
2997 -13
2998 -13
2999 -13
3000 -13
3001 -13
3002 -13
3003 -13
3004 -13
3005 -13
3006 -13
3007 -13
3008 -13
3009 -13
3010 -13
3011 -13
3012 -13
3013 -13
3014 -13
3015 -13
3016 -13
3017 -13
3018 -13
3019 -13
3020 -13
3021 -13
3022 -13
3023 -13
3024 -13
3025 -13
3026 -13
3027 -13
3028 -13
3029 -13
3030 -13
3031 -13
3032 -13
3033 -13
3034 -13
3035 -13
3036 -13
3037 -13
3038 -13
3039 -13
3040 -13
3041 -13
3042 -13
3043 -13
3044 -13
3045 -13
3046 -13
3047 -13
3048 -13
3049 -13
3050 -13
3051 -13
3052 -13
3053 -13
3054 -13
3055 -13
3056 -13
3057 -13
3058 -13
3059 -13
3060 -13
3061 -13
3062 -13
3063 -13
3064 -13
3065 -13
3066 -13
3067 -13
3068 -13
3069 -13
3070 -13
3071 -13
3072 -13
3073 -13
3074 -13
3075 -13
3076 -13
3077 -13
3078 -13
3079 -13
3080 -13
3081 -13
3082 -13
3083 -13
3084 -13
3085 -13
3086 -13
3087 -13
3088 -13
3089 -13
3090 -13
3091 -13
3092 -13
3093 -13
3094 -13
3095 -13
3096 -13
3097 -13
3098 -13
3099 -13
3100 -13
3101 -13
3102 -13
3103 -13
3104 -13
3105 -13
3106 -13
3107 -13
3108 -13
3109 -13
3110 -13
3111 -13
3112 -13
3113 -13
3114 -13
3115 -13
3116 -13
3117 -13
3118 -13
3119 -13
3120 -13
3121 -13
3122 -13
3123 -13
3124 -13
3125 -13
3126 -13
3127 -13
3128 -13
3129 -13
3130 -13
3131 -13
3132 -13
3133 -13
3134 -13
3135 -13
3136 -13
3137 -13
3138 -13
3139 -13
3140 -13
3141 -13
3142 -13
3143 -13
3144 -13
3145 -13
3146 -13
3147 -13
3148 -13
3149 -13
3150 -13
3151 -13
3152 -13
3153 -13
3154 -13
3155 -13
3156 -13
3157 -13
3158 -13
3159 -13
3160 -13
3161 -13
3162 -13
3163 -13
3164 -13
3165 -13
3166 -13
3167 -13
3168 -13
3169 -13
3170 -13
3171 -13
3172 -13
3173 -13
3174 -13
3175 -13
3176 -13
3177 -13
3178 -13
3179 -13
3180 -13
3181 -13
3182 -13
3183 -13
3184 -13
3185 -13
3186 -13
3187 -13
3188 -13
3189 -13
3190 -13
3191 -13
3192 -13
3193 -13
3194 -13
3195 -13
3196 -13
3197 -13
3198 -13
3199 -13
3200 -13
3201 -13
3202 -13
3203 -13
3204 -13
3205 -13
3206 -13
3207 -13
3208 -13
3209 -13
3210 -13
3211 -13
3212 -13
3213 -13
3214 -13
3215 -13
3216 -13
3217 -13
3218 -13
3219 -13
3220 -13
3221 -13
3222 -13
3223 -13
3224 -13
3225 -13
3226 -13
3227 -13
3228 -13
3229 -13
3230 -13
3231 -13
3232 -13
3233 -13
3234 -13
3235 -13
3236 -13
3237 -13
3238 -13
3239 -13
3240 -13
3241 -13
3242 -13
3243 -13
3244 -13
3245 -13
3246 -13
3247 -13
3248 -13
3249 -13
3250 -13
3251 -13
3252 -13
3253 -13
3254 -13
3255 -13
3256 -13
3257 -13
3258 -13
3259 -13
3260 -13
3261 -13
3262 -13
3263 -13
3264 -13
3265 -13
3266 -13
3267 -13
3268 -13
3269 -13
3270 -13
3271 -13
3272 -13
3273 -13
3274 -13
3275 -13
3276 -13
3277 -13
3278 -13
3279 -13
3280 -13
3281 -13
3282 -13
3283 -13
3284 -13
3285 -13
3286 -13
3287 -13
3288 -13
3289 -13
3290 -13
3291 -13
3292 -13
3293 -13
3294 -13
3295 -13
3296 -13
3297 -13
3298 -13
3299 -13
3300 -13
3301 -13
3302 -13
3303 -13
3304 -13
3305 -13
3306 -13
3307 -13
3308 -13
3309 -13
3310 -13
3311 -13
3312 -13
3313 -13
3314 -13
3315 -13
3316 -13
3317 -13
3318 -13
3319 -13
3320 -13
3321 -13
3322 -13
3323 -13
3324 -13
3325 -13
3326 -13
3327 -13
3328 -13
3329 -13
3330 -13
3331 -13
3332 -13
3333 -13
3334 -13
3335 -13
3336 -13
3337 -13
3338 -13
3339 -13
3340 -13
3341 -13
3342 -13
3343 -13
3344 -13
3345 -13
3346 -13
3347 -13
3348 -13
3349 -13
3350 -13
3351 -13
3352 -13
3353 -13
3354 -13
3355 -13
3356 -13
3357 -13
3358 -13
3359 -13
3360 -13
3361 -13
3362 -13
3363 -13
3364 -13
3365 -13
3366 -13
3367 -13
3368 -13
3369 -13
3370 -13
3371 -13
3372 -13
3373 -13
3374 -13
3375 -13
3376 -13
3377 -13
3378 -13
3379 -13
3380 -13
3381 -13
3382 -13
3383 -13
3384 -13
3385 -13
3386 -13
3387 -13
3388 -13
3389 -13
3390 -13
3391 -13
3392 -13
3393 -13
3394 -13
3395 -13
3396 -13
3397 -13
3398 -13
3399 -13
3400 -13
3401 -13
3402 -13
3403 -13
3404 -13
3405 -13
3406 -13
3407 -13
3408 -13
3409 -13
3410 -13
3411 -13
3412 -13
3413 -13
3414 -13
3415 -13
3416 -13
3417 -13
3418 -13
3419 -13
3420 -13
3421 -13
3422 -13
3423 -13
3424 -13
3425 -13
3426 -13
3427 -13
3428 -13
3429 -13
3430 -13
3431 -13
3432 -13
3433 -13
3434 -13
3435 -13
3436 -13
3437 -13
3438 -13
3439 -13
3440 -13
3441 -13
3442 -13
3443 -13
3444 -13
3445 -13
3446 -13
3447 -13
3448 -13
3449 -13
3450 -13
3451 -13
3452 -13
3453 -13
3454 -13
3455 -13
3456 -13
3457 -13
3458 -13
3459 -13
3460 -13
3461 -13
3462 -13
3463 -13
3464 -13
3465 -13
3466 -13
3467 -13
3468 -13
3469 -13
3470 -13
3471 -13
3472 -13
3473 -13
3474 -13
3475 -13
3476 -13
3477 -13
3478 -13
3479 -13
3480 -13
3481 -13
3482 -13
3483 -13
3484 -13
3485 -13
3486 -13
3487 -13
3488 -13
3489 -13
3490 -13
3491 -13
3492 -13
3493 -13
3494 -13
3495 -13
3496 -13
3497 -13
3498 -13
3499 -13
3500 -13
3501 -13
3502 -13
3503 -13
3504 -13
3505 -13
3506 -13
3507 -13
3508 -13
3509 -13
3510 -13
3511 -13
3512 -13
3513 -13
3514 -13
3515 -13
3516 -13
3517 -13
3518 -13
3519 -13
3520 -13
3521 -13
3522 -13
3523 -13
3524 -13
3525 -13
3526 -13
3527 -13
3528 -13
3529 -13
3530 -13
3531 -13
3532 -13
3533 -13
3534 -13
3535 -13
3536 -13
3537 -13
3538 -13
3539 -13
3540 -13
3541 -13
3542 -13
3543 -13
3544 -13
3545 -13
3546 -13
3547 -13
3548 -13
3549 -13
3550 -13
3551 -13
3552 -13
3553 -13
3554 -13
3555 -13
3556 -13
3557 -13
3558 -13
3559 -13
3560 -13
3561 -13
3562 -13
3563 -13
3564 -13
3565 -13
3566 -13
3567 -13
3568 -13
3569 -13
3570 -13
3571 -13
3572 -13
3573 -13
3574 -13
3575 -13
3576 -13
3577 -13
3578 -13
3579 -13
3580 -13
3581 -13
3582 -13
3583 -13
3584 -13
3585 -13
3586 -13
3587 -13
3588 -13
3589 -13
3590 -13
3591 -13
3592 -13
3593 -13
3594 -13
3595 -13
3596 -13
3597 -13
3598 -13
3599 -13
3600 -13
3601 -13
3602 -13
3603 -13
3604 -13
3605 -13
3606 -13
3607 -13
3608 -13
3609 -13
3610 -13
3611 -13
3612 -13
3613 -13
3614 -13
3615 -13
3616 -13
3617 -13
3618 -13
3619 -13
3620 -13
3621 -13
3622 -13
3623 -13
3624 -13
3625 -13
3626 -13
3627 -13
3628 -13
3629 -13
3630 -13
3631 -13
3632 -13
3633 -13
3634 -13
3635 -13
3636 -13
3637 -13
3638 -13
3639 -13
3640 -13
3641 -13
3642 -13
3643 -13
3644 -13
3645 -13
3646 -13
3647 -13
3648 -13
3649 -13
3650 -13
3651 -13
3652 -13
3653 -13
3654 -13
3655 -13
3656 -13
3657 -13
3658 -13
3659 -13
3660 -13
3661 -13
3662 -13
3663 -13
3664 -13
3665 -13
3666 -13
3667 -13
3668 -13
3669 -13
3670 -13
3671 -13
3672 -13
3673 -13
3674 -13
3675 -13
3676 -13
3677 -13
3678 -13
3679 -13
3680 -13
3681 -13
3682 -13
3683 -13
3684 -13
3685 -13
3686 -13
3687 -13
3688 -13
3689 -13
3690 -13
3691 -13
3692 -13
3693 -13
3694 -13
3695 -13
3696 -13
3697 -13
3698 -13
3699 -13
3700 -13
3701 -13
3702 -13
3703 -13
3704 -13
3705 -13
3706 -13
3707 -13
3708 -13
3709 -13
3710 -13
3711 -13
3712 -13
3713 -13
3714 -13
3715 -13
3716 -13
3717 -13
3718 -13
3719 -13
3720 -13
3721 -13
3722 -13
3723 -13
3724 -13
3725 -13
3726 -13
3727 -13
3728 -13
3729 -13
3730 -13
3731 -13
3732 -13
3733 -13
3734 -13
3735 -13
3736 -13
3737 -13
3738 -13
3739 -13
3740 -13
3741 -13
3742 -13
3743 -13
3744 -13
3745 -13
3746 -13
3747 -13
3748 -13
3749 -13
3750 -13
3751 -13
3752 -13
3753 -13
3754 -13
3755 -13
3756 -13
3757 -13
3758 -13
3759 -13
3760 -13
3761 -13
3762 -13
3763 -13
3764 -13
3765 -13
3766 -13
3767 -13
3768 -13
3769 -13
3770 -13
3771 -13
3772 -13
3773 -13
3774 -13
3775 -13
3776 -13
3777 -13
3778 -13
3779 -13
3780 -13
3781 -13
3782 -13
3783 -13
3784 -13
3785 -13
3786 -13
3787 -13
3788 -13
3789 -13
3790 -13
3791 -13
3792 -13
3793 -13
3794 -13
3795 -13
3796 -13
3797 -13
3798 -13
3799 -13
3800 -13
3801 -13
3802 -13
3803 -13
3804 -13
3805 -13
3806 -13
3807 -13
3808 -13
3809 -13
3810 -13
3811 -13
3812 -13
3813 -13
3814 -13
3815 -13
3816 -13
3817 -13
3818 -13
3819 -13
3820 -13
3821 -13
3822 -13
3823 -13
3824 -13
3825 -13
3826 -13
3827 -13
3828 -13
3829 -13
3830 -13
3831 -13
3832 -13
3833 -13
3834 -13
3835 -13
3836 -13
3837 -13
3838 -13
3839 -13
3840 -13
3841 -13
3842 -13
3843 -13
3844 -13
3845 -13
3846 -13
3847 -13
3848 -13
3849 -13
3850 -13
3851 -13
3852 -13
3853 -13
3854 -13
3855 -13
3856 -13
3857 -13
3858 -13
3859 -13
3860 -13
3861 -13
3862 -13
3863 -13
3864 -13
3865 -13
3866 -13
3867 -13
3868 -13
3869 -13
3870 -13
3871 -13
3872 -13
3873 -13
3874 -13
3875 -13
3876 -13
3877 -13
3878 -13
3879 -13
3880 -13
3881 -13
3882 -13
3883 -13
3884 -13
3885 -13
3886 -13
3887 -13
3888 -13
3889 -13
3890 -13
3891 -13
3892 -13
3893 -13
3894 -13
3895 -13
3896 -13
3897 -13
3898 -13
3899 -13
3900 -13
3901 -13
3902 -13
3903 -13
3904 -13
3905 -13
3906 -13
3907 -13
3908 -13
3909 -13
3910 -13
3911 -13
3912 -13
3913 -13
3914 -13
3915 -13
3916 -13
3917 -13
3918 -13
3919 -13
3920 -13
3921 -13
3922 -13
3923 -13
3924 -13
3925 -13
3926 -13
3927 -13
3928 -13
3929 -13
3930 -13
3931 -13
3932 -13
3933 -13
3934 -13
3935 -13
3936 -13
3937 -13
3938 -13
3939 -13
3940 -13
3941 -13
3942 -13
3943 -13
3944 -13
3945 -13
3946 -13
3947 -13
3948 -13
3949 -13
3950 -13
3951 -13
3952 -13
3953 -13
3954 -13
3955 -13
3956 -13
3957 -13
3958 -13
3959 -13
3960 -13
3961 -13
3962 -13
3963 -13
3964 -13
3965 -13
3966 -13
3967 -13
3968 -13
3969 -13
3970 -13
3971 -13
3972 -13
3973 -13
3974 -13
3975 -13
3976 -13
3977 -13
3978 -13
3979 -13
3980 -13
3981 -13
3982 -13
3983 -13
3984 -13
3985 -13
3986 -13
3987 -13
3988 -13
3989 -13
3990 -13
3991 -13
3992 -13
3993 -13
3994 -13
3995 -13
3996 -13
3997 -13
3998 -13
3999 -13
4000 -13
4001 -13
4002 -13
4003 -13
4004 -13
4005 -13
4006 -13
4007 -13
4008 -13
4009 -13
4010 -13
4011 -13
4012 -13
4013 -13
4014 -13
4015 -13
4016 -13
4017 -13
4018 -13
4019 -13
4020 -13
4021 -13
4022 -13
4023 -13
4024 -13
4025 -13
4026 -13
4027 -13
4028 -13
4029 -13
4030 -13
4031 -13
4032 -13
4033 -13
4034 -13
4035 -13
4036 -13
4037 -13
4038 -13
4039 -13
4040 -13
4041 -13
4042 -13
4043 -13
4044 -13
4045 -13
4046 -13
4047 -13
4048 -13
4049 -13
4050 -13
4051 -13
4052 -13
4053 -13
4054 -13
4055 -13
4056 -13
4057 -13
4058 -13
4059 -13
4060 -13
4061 -13
4062 -13
4063 -13
4064 -13
4065 -13
4066 -13
4067 -13
4068 -13
4069 -13
4070 -13
4071 -13
4072 -13
4073 -13
4074 -13
4075 -13
4076 -13
4077 -13
4078 -13
4079 -13
4080 -13
4081 -13
4082 -13
4083 -13
4084 -13
4085 -13
4086 -13
4087 -13
4088 -13
4089 -13
4090 -13
4091 -13
4092 -13
4093 -13
4094 -13
4095 -13
4096 -13
4097 -13
4098 -13
4099 -13
4100 -13
4101 -13
4102 -13
4103 -13
4104 -13
4105 -13
4106 -13
4107 -13
4108 -13
4109 -13
4110 -13
4111 -13
4112 -13
4113 -13
4114 -13
4115 -13
4116 -13
4117 -13
4118 -13
4119 -13
4120 -13
4121 -13
4122 -13
4123 -13
4124 -13
4125 -13
4126 -13
4127 -13
4128 -13
4129 -13
4130 -13
4131 -13
4132 -13
4133 -13
4134 -13
4135 -13
4136 -13
4137 -13
4138 -13
4139 -13
4140 -13
4141 -13
4142 -13
4143 -13
4144 -13
4145 -13
4146 -13
4147 -13
4148 -13
4149 -13
4150 -13
4151 -13
4152 -13
4153 -13
4154 -13
4155 -13
4156 -13
4157 -13
4158 -13
4159 -13
4160 -13
4161 -13
4162 -13
4163 -13
4164 -13
4165 -13
4166 -13
4167 -13
4168 -13
4169 -13
4170 -13
4171 -13
4172 -13
4173 -13
4174 -13
4175 -13
4176 -13
4177 -13
4178 -13
4179 -13
4180 -13
4181 -13
4182 -13
4183 -13
4184 -13
4185 -13
4186 -13
4187 -13
4188 -13
4189 -13
4190 -13
4191 -13
4192 -13
4193 -13
4194 -13
4195 -13
4196 -13
4197 -13
4198 -13
4199 -13
4200 -13
4201 -13
4202 -13
4203 -13
4204 -13
4205 -13
4206 -13
4207 -13
4208 -13
4209 -13
4210 -13
4211 -13
4212 -13
4213 -13
4214 -13
4215 -13
4216 -13
4217 -13
4218 -13
4219 -13
4220 -13
4221 -13
4222 -13
4223 -13
4224 -13
4225 -13
4226 -13
4227 -13
4228 -13
4229 -13
4230 -13
4231 -13
4232 -13
4233 -13
4234 -13
4235 -13
4236 -13
4237 -13
4238 -13
4239 -13
4240 -13
4241 -13
4242 -13
4243 -13
4244 -13
4245 -13
4246 -13
4247 -13
4248 -13
4249 -13
4250 -13
4251 -13
4252 -13
4253 -13
4254 -13
4255 -13
4256 -13
4257 -13
4258 -13
4259 -13
4260 -13
4261 -13
4262 -13
4263 -13
4264 -13
4265 -13
4266 -13
4267 -13
4268 -13
4269 -13
4270 -13
4271 -13
4272 -13
4273 -13
4274 -13
4275 -13
4276 -13
4277 -13
4278 -13
4279 -13
4280 -13
4281 -13
4282 -13
4283 -13
4284 -13
4285 -13
4286 -13
4287 -13
4288 -13
4289 -13
4290 -13
4291 -13
4292 -13
4293 -13
4294 -13
4295 -13
4296 -13
4297 -13
4298 -13
4299 -13
4300 -13
4301 -13
4302 -13
4303 -13
4304 -13
4305 -13
4306 -13
4307 -13
4308 -13
4309 -13
4310 -13
4311 -13
4312 -13
4313 -13
4314 -13
4315 -13
4316 -13
4317 -13
4318 -13
4319 -13
4320 -13
4321 -13
4322 -13
4323 -13
4324 -13
4325 -13
4326 -13
4327 -13
4328 -13
4329 -13
4330 -13
4331 -13
4332 -13
4333 -13
4334 -13
4335 -13
4336 -13
4337 -13
4338 -13
4339 -13
4340 -13
4341 -13
4342 -13
4343 -13
4344 -13
4345 -13
4346 -13
4347 -13
4348 -13
4349 -13
4350 -13
4351 -13
4352 -13
4353 -13
4354 -13
4355 -13
4356 -13
4357 -13
4358 -13
4359 -13
4360 -13
4361 -13
4362 -13
4363 -13
4364 -13
4365 -13
4366 -13
4367 -13
4368 -13
4369 -13
4370 -13
4371 -13
4372 -13
4373 -13
4374 -13
4375 -13
4376 -13
4377 -13
4378 -13
4379 -13
4380 -13
4381 -13
4382 -13
4383 -13
4384 -13
4385 -13
4386 -13
4387 -13
4388 -13
4389 -13
4390 -13
4391 -13
4392 -13
4393 -13
4394 -13
4395 -13
4396 -13
4397 -13
4398 -13
4399 -13
4400 -13
4401 -13
4402 -13
4403 -13
4404 -13
4405 -13
4406 -13
4407 -13
4408 -13
4409 -13
4410 -13
4411 -13
4412 -13
4413 -13
4414 -13
4415 -13
4416 -13
4417 -13
4418 -13
4419 -13
4420 -13
4421 -13
4422 -13
4423 -13
4424 -13
4425 -13
4426 -13
4427 -13
4428 -13
4429 -13
4430 -13
4431 -13
4432 -13
4433 -13
4434 -13
4435 -13
4436 -13
4437 -13
4438 -13
4439 -13
4440 -13
4441 -13
4442 -13
4443 -13
4444 -13
4445 -13
4446 -13
4447 -13
4448 -13
4449 -13
4450 -13
4451 -13
4452 -13
4453 -13
4454 -13
4455 -13
4456 -13
4457 -13
4458 -13
4459 -13
4460 -13
4461 -13
4462 -13
4463 -13
4464 -13
4465 -13
4466 -13
4467 -13
4468 -13
4469 -13
4470 -13
4471 -13
4472 -13
4473 -13
4474 -13
4475 -13
4476 -13
4477 -13
4478 -13
4479 -13
4480 -13
4481 -13
4482 -13
4483 -13
4484 -13
4485 -13
4486 -13
4487 -13
4488 -13
4489 -13
4490 -13
4491 -13
4492 -13
4493 -13
4494 -13
4495 -13
4496 -13
4497 -13
4498 -13
4499 -13
4500 -13
4501 -13
4502 -13
4503 -13
4504 -13
4505 -13
4506 -13
4507 -13
4508 -13
4509 -13
4510 -13
4511 -13
4512 -13
4513 -13
4514 -13
4515 -13
4516 -13
4517 -13
4518 -13
4519 -13
4520 -13
4521 -13
4522 -13
4523 -13
4524 -13
4525 -13
4526 -13
4527 -13
4528 -13
4529 -13
4530 -13
4531 -13
4532 -13
4533 -13
4534 -13
4535 -13
4536 -13
4537 -13
4538 -13
4539 -13
4540 -13
4541 -13
4542 -13
4543 -13
4544 -13
4545 -13
4546 -13
4547 -13
4548 -13
4549 -13
4550 -13
4551 -13
4552 -13
4553 -13
4554 -13
4555 -13
4556 -13
4557 -13
4558 -13
4559 -13
4560 -13
4561 -13
4562 -13
4563 -13
4564 -13
4565 -13
4566 -13
4567 -13
4568 -13
4569 -13
4570 -13
4571 -13
4572 -13
4573 -13
4574 -13
4575 -13
4576 -13
4577 -13
4578 -13
4579 -13
4580 -13
4581 -13
4582 -13
4583 -13
4584 -13
4585 -13
4586 -13
4587 -13
4588 -13
4589 -13
4590 -13
4591 -13
4592 -13
4593 -13
4594 -13
4595 -13
4596 -13
4597 -13
4598 -13
4599 -13
4600 -13
4601 -13
4602 -13
4603 -13
4604 -13
4605 -13
4606 -13
4607 -13
4608 -13
4609 -13
4610 -13
4611 -13
4612 -13
4613 -13
4614 -13
4615 -13
4616 -13
4617 -13
4618 -13
4619 -13
4620 -13
4621 -13
4622 -13
4623 -13
4624 -13
4625 -13
4626 -13
4627 -13
4628 -13
4629 -13
4630 -13
4631 -13
4632 -13
4633 -13
4634 -13
4635 -13
4636 -13
4637 -13
4638 -13
4639 -13
4640 -13
4641 -13
4642 -13
4643 -13
4644 -13
4645 -13
4646 -13
4647 -13
4648 -13
4649 -13
4650 -13
4651 -13
4652 -13
4653 -13
4654 -13
4655 -13
4656 -13
4657 -13
4658 -13
4659 -13
4660 -13
4661 -13
4662 -13
4663 -13
4664 -13
4665 -13
4666 -13
4667 -13
4668 -13
4669 -13
4670 -13
4671 -13
4672 -13
4673 -13
4674 -13
4675 -13
4676 -13
4677 -13
4678 -13
4679 -13
4680 -13
4681 -13
4682 -13
4683 -13
4684 -13
4685 -13
4686 -13
4687 -13
4688 -13
4689 -13
4690 -13
4691 -13
4692 -13
4693 -13
4694 -13
4695 -13
4696 -13
4697 -13
4698 -13
4699 -13
4700 -13
4701 -13
4702 -13
4703 -13
4704 -13
4705 -13
4706 -13
4707 -13
4708 -13
4709 -13
4710 -13
4711 -13
4712 -13
4713 -13
4714 -13
4715 -13
4716 -13
4717 -13
4718 -13
4719 -13
4720 -13
4721 -13
4722 -13
4723 -13
4724 -13
4725 -13
4726 -13
4727 -13
4728 -13
4729 -13
4730 -13
4731 -13
4732 -13
4733 -13
4734 -13
4735 -13
4736 -13
4737 -13
4738 -13
4739 -13
4740 -13
4741 -13
4742 -13
4743 -13
4744 -13
4745 -13
4746 -13
4747 -13
4748 -13
4749 -13
4750 -13
4751 -13
4752 -13
4753 -13
4754 -13
4755 -13
4756 -13
4757 -13
4758 -13
4759 -13
4760 -13
4761 -13
4762 -13
4763 -13
4764 -13
4765 -13
4766 -13
4767 -13
4768 -13
4769 -13
4770 -13
4771 -13
4772 -13
4773 -13
4774 -13
4775 -13
4776 -13
4777 -13
4778 -13
4779 -13
4780 -13
4781 -13
4782 -13
4783 -13
4784 -13
4785 -13
4786 -13
4787 -13
4788 -13
4789 -13
4790 -13
4791 -13
4792 -13
4793 -13
4794 -13
4795 -13
4796 -13
4797 -13
4798 -13
4799 -13
4800 -13
4801 -13
4802 -13
4803 -13
4804 -13
4805 -13
4806 -13
4807 -13
4808 -13
4809 -13
4810 -13
4811 -13
4812 -13
4813 -13
4814 -13
4815 -13
4816 -13
4817 -13
4818 -13
4819 -13
4820 -13
4821 -13
4822 -13
4823 -13
4824 -13
4825 -13
4826 -13
4827 -13
4828 -13
4829 -13
4830 -13
4831 -13
4832 -13
4833 -13
4834 -13
4835 -13
4836 -13
4837 -13
4838 -13
4839 -13
4840 -13
4841 -13
4842 -13
4843 -13
4844 -13
4845 -13
4846 -13
4847 -13
4848 -13
4849 -13
4850 -13
4851 -13
4852 -13
4853 -13
4854 -13
4855 -13
4856 -13
4857 -13
4858 -13
4859 -13
4860 -13
4861 -13
4862 -13
4863 -13
4864 -13
4865 -13
4866 -13
4867 -13
4868 -13
4869 -13
4870 -13
4871 -13
4872 -13
4873 -13
4874 -13
4875 -13
4876 -13
4877 -13
4878 -13
4879 -13
4880 -13
4881 -13
4882 -13
4883 -13
4884 -13
4885 -13
4886 -13
4887 -13
4888 -13
4889 -13
4890 -13
4891 -13
4892 -13
4893 -13
4894 -13
4895 -13
4896 -13
4897 -13
4898 -13
4899 -13
4900 -13
4901 -13
4902 -13
4903 -13
4904 -13
4905 -13
4906 -13
4907 -13
4908 -13
4909 -13
4910 -13
4911 -13
4912 -13
4913 -13
4914 -13
4915 -13
4916 -13
4917 -13
4918 -13
4919 -13
4920 -13
4921 -13
4922 -13
4923 -13
4924 -13
4925 -13
4926 -13
4927 -13
4928 -13
4929 -13
4930 -13
4931 -13
4932 -13
4933 -13
4934 -13
4935 -13
4936 -13
4937 -13
4938 -13
4939 -13
4940 -13
4941 -13
4942 -13
4943 -13
4944 -13
4945 -13
4946 -13
4947 -13
4948 -13
4949 -13
4950 -13
4951 -13
4952 -13
4953 -13
4954 -13
4955 -13
4956 -13
4957 -13
4958 -13
4959 -13
4960 -13
4961 -13
4962 -13
4963 -13
4964 -13
4965 -13
4966 -13
4967 -13
4968 -13
4969 -13
4970 -13
4971 -13
4972 -13
4973 -13
4974 -13
4975 -13
4976 -13
4977 -13
4978 -13
4979 -13
4980 -13
4981 -13
4982 -13
4983 -13
4984 -13
4985 -13
4986 -13
4987 -13
4988 -13
4989 -13
4990 -13
4991 -13
4992 -13
4993 -13
4994 -13
4995 -13
4996 -13
4997 -13
4998 -13
4999 -13
5000 -13
5001 -13
5002 -13
5003 -13
5004 -13
5005 -13
5006 -13
5007 -13
5008 -13
5009 -13
5010 -13
5011 -13
5012 -13
5013 -13
5014 -13
5015 -13
5016 -13
5017 -13
5018 -13
5019 -13
5020 -13
5021 -13
5022 -13
5023 -13
5024 -13
5025 -13
5026 -13
5027 -13
5028 -13
5029 -13
5030 -13
5031 -13
5032 -13
5033 -13
5034 -13
5035 -13
5036 -13
5037 -13
5038 -13
5039 -13
5040 -13
5041 -13
5042 -13
5043 -13
5044 -13
5045 -13
5046 -13
5047 -13
5048 -13
5049 -13
5050 -13
5051 -13
5052 -13
5053 -13
5054 -13
5055 -13
5056 -13
5057 -13
5058 -13
5059 -13
5060 -13
5061 -13
5062 -13
5063 -13
5064 -13
5065 -13
5066 -13
5067 -13
5068 -13
5069 -13
5070 -13
5071 -13
5072 -13
5073 -13
5074 -13
5075 -13
5076 -13
5077 -13
5078 -13
5079 -13
5080 -13
5081 -13
5082 -13
5083 -13
5084 -13
5085 -13
5086 -13
5087 -13
5088 -13
5089 -13
5090 -13
5091 -13
5092 -13
5093 -13
5094 -13
5095 -13
5096 -13
5097 -13
5098 -13
5099 -13
5100 -13
5101 -13
5102 -13
5103 -13
5104 -13
5105 -13
5106 -13
5107 -13
5108 -13
5109 -13
5110 -13
5111 -13
5112 -13
5113 -13
5114 -13
5115 -13
5116 -13
5117 -13
5118 -13
5119 -13
5120 -13
5121 -13
5122 -13
5123 -13
5124 -13
5125 -13
5126 -13
5127 -13
5128 -13
5129 -13
5130 -13
5131 -13
5132 -13
5133 -13
5134 -13
5135 -13
5136 -13
5137 -13
5138 -13
5139 -13
5140 -13
5141 -13
5142 -13
5143 -13
5144 -13
5145 -13
5146 -13
5147 -13
5148 -13
5149 -13
5150 -13
5151 -13
5152 -13
5153 -13
5154 -13
5155 -13
5156 -13
5157 -13
5158 -13
5159 -13
5160 -13
5161 -13
5162 -13
5163 -13
5164 -13
5165 -13
5166 -13
5167 -13
5168 -13
5169 -13
5170 -13
5171 -13
5172 -13
5173 -13
5174 -13
5175 -13
5176 -13
5177 -13
5178 -13
5179 -13
5180 -13
5181 -13
5182 -13
5183 -13
5184 -13
5185 -13
5186 -13
5187 -13
5188 -13
5189 -13
5190 -13
5191 -13
5192 -13
5193 -13
5194 -13
5195 -13
5196 -13
5197 -13
5198 -13
5199 -13
5200 -13
5201 -13
5202 -13
5203 -13
5204 -13
5205 -13
5206 -13
5207 -13
5208 -13
5209 -13
5210 -13
5211 -13
5212 -13
5213 -13
5214 -13
5215 -13
5216 -13
5217 -13
5218 -13
5219 -13
5220 -13
5221 -13
5222 -13
5223 -13
5224 -13
5225 -13
5226 -13
5227 -13
5228 -13
5229 -13
5230 -13
5231 -13
5232 -13
5233 -13
5234 -13
5235 -13
5236 -13
5237 -13
5238 -13
5239 -13
5240 -13
5241 -13
5242 -13
5243 -13
5244 -13
5245 -13
5246 -13
5247 -13
5248 -13
5249 -13
5250 -13
5251 -13
5252 -13
5253 -13
5254 -13
5255 -13
5256 -13
5257 -13
5258 -13
5259 -13
5260 -13
5261 -13
5262 -13
5263 -13
5264 -13
5265 -13
5266 -13
5267 -13
5268 -13
5269 -13
5270 -13
5271 -13
5272 -13
5273 -13
5274 -13
5275 -13
5276 -13
5277 -13
5278 -13
5279 -13
5280 -13
5281 -13
5282 -13
5283 -13
5284 -13
5285 -13
5286 -13
5287 -13
5288 -13
5289 -13
5290 -13
5291 -13
5292 -13
5293 -13
5294 -13
5295 -13
5296 -13
5297 -13
5298 -13
5299 -13
5300 -13
5301 -13
5302 -13
5303 -13
5304 -13
5305 -13
5306 -13
5307 -13
5308 -13
5309 -13
5310 -13
5311 -13
5312 -13
5313 -13
5314 -13
5315 -13
5316 -13
5317 -13
5318 -13
5319 -13
5320 -13
5321 -13
5322 -13
5323 -13
5324 -13
5325 -13
5326 -13
5327 -13
5328 -13
5329 -13
5330 -13
5331 -13
5332 -13
5333 -13
5334 -13
5335 -13
5336 -13
5337 -13
5338 -13
5339 -13
5340 -13
5341 -13
5342 -13
5343 -13
5344 -13
5345 -13
5346 -13
5347 -13
5348 -13
5349 -13
5350 -13
5351 -13
5352 -13
5353 -13
5354 -13
5355 -13
5356 -13
5357 -13
5358 -13
5359 -13
5360 -13
5361 -13
5362 -13
5363 -13
5364 -13
5365 -13
5366 -13
5367 -13
5368 -13
5369 -13
5370 -13
5371 -13
5372 -13
5373 -13
5374 -13
5375 -13
5376 -13
5377 -13
5378 -13
5379 -13
5380 -13
5381 -13
5382 -13
5383 -13
5384 -13
5385 -13
5386 -13
5387 -13
5388 -13
5389 -13
5390 -13
5391 -13
5392 -13
5393 -13
5394 -13
5395 -13
5396 -13
5397 -13
5398 -13
5399 -13
5400 -13
5401 -13
5402 -13
5403 -13
5404 -13
5405 -13
5406 -13
5407 -13
5408 -13
5409 -13
5410 -13
5411 -13
5412 -13
5413 -13
5414 -13
5415 -13
5416 -13
5417 -13
5418 -13
5419 -13
5420 -13
5421 -13
5422 -13
5423 -13
5424 -13
5425 -13
5426 -13
5427 -13
5428 -13
5429 -13
5430 -13
5431 -13
5432 -13
5433 -13
5434 -13
5435 -13
5436 -13
5437 -13
5438 -13
5439 -13
5440 -13
5441 -13
5442 -13
5443 -13
5444 -13
5445 -13
5446 -13
5447 -13
5448 -13
5449 -13
5450 -13
5451 -13
5452 -13
5453 -13
5454 -13
5455 -13
5456 -13
5457 -13
5458 -13
5459 -13
5460 -13
5461 -13
5462 -13
5463 -13
5464 -13
5465 -13
5466 -13
5467 -13
5468 -13
5469 -13
5470 -13
5471 -13
5472 -13
5473 -13
5474 -13
5475 -13
5476 -13
5477 -13
5478 -13
5479 -13
5480 -13
5481 -13
5482 -13
5483 -13
5484 -13
5485 -13
5486 -13
5487 -13
5488 -13
5489 -13
5490 -13
5491 -13
5492 -13
5493 -13
5494 -13
5495 -13
5496 -13
5497 -13
5498 -13
5499 -13
5500 -13
5501 -13
5502 -13
5503 -13
5504 -13
5505 -13
5506 -13
5507 -13
5508 -13
5509 -13
5510 -13
5511 -13
5512 -13
5513 -13
5514 -13
5515 -13
5516 -13
5517 -13
5518 -13
5519 -13
5520 -13
5521 -13
5522 -13
5523 -13
5524 -13
5525 -13
5526 -13
5527 -13
5528 -13
5529 -13
5530 -13
5531 -13
5532 -13
5533 -13
5534 -13
5535 -13
5536 -13
5537 -13
5538 -13
5539 -13
5540 -13
5541 -13
5542 -13
5543 -13
5544 -13
5545 -13
5546 -13
5547 -13
5548 -13
5549 -13
5550 -13
5551 -13
5552 -13
5553 -13
5554 -13
5555 -13
5556 -13
5557 -13
5558 -13
5559 -13
5560 -13
5561 -13
5562 -13
5563 -13
5564 -13
5565 -13
5566 -13
5567 -13
5568 -13
5569 -13
5570 -13
5571 -13
5572 -13
5573 -13
5574 -13
5575 -13
5576 -13
5577 -13
5578 -13
5579 -13
5580 -13
5581 -13
5582 -13
5583 -13
5584 -13
5585 -13
5586 -13
5587 -13
5588 -13
5589 -13
5590 -13
5591 -13
5592 -13
5593 -13
5594 -13
5595 -13
5596 -13
5597 -13
5598 -13
5599 -13
5600 -13
5601 -13
5602 -13
5603 -13
5604 -13
5605 -13
5606 -13
5607 -13
5608 -13
5609 -13
5610 -13
5611 -13
5612 -13
5613 -13
5614 -13
5615 -13
5616 -13
5617 -13
5618 -13
5619 -13
5620 -13
5621 -13
5622 -13
5623 -13
5624 -13
5625 -13
5626 -13
5627 -13
5628 -13
5629 -13
5630 -13
5631 -13
5632 -13
5633 -13
5634 -13
5635 -13
5636 -13
5637 -13
5638 -13
5639 -13
5640 -13
5641 -13
5642 -13
5643 -13
5644 -13
5645 -13
5646 -13
5647 -13
5648 -13
5649 -13
5650 -13
5651 -13
5652 -13
5653 -13
5654 -13
5655 -13
5656 -13
5657 -13
5658 -13
5659 -13
5660 -13
5661 -13
5662 -13
5663 -13
5664 -13
5665 -13
5666 -13
5667 -13
5668 -13
5669 -13
5670 -13
5671 -13
5672 -13
5673 -13
5674 -13
5675 -13
5676 -13
5677 -13
5678 -13
5679 -13
5680 -13
5681 -13
5682 -13
5683 -13
5684 -13
5685 -13
5686 -13
5687 -13
5688 -13
5689 -13
5690 -13
5691 -13
5692 -13
5693 -13
5694 -13
5695 -13
5696 -13
5697 -13
5698 -13
5699 -13
5700 -13
5701 -13
5702 -13
5703 -13
5704 -13
5705 -13
5706 -13
5707 -13
5708 -13
5709 -13
5710 -13
5711 -13
5712 -13
5713 -13
5714 -13
5715 -13
5716 -13
5717 -13
5718 -13
5719 -13
5720 -13
5721 -13
5722 -13
5723 -13
5724 -13
5725 -13
5726 -13
5727 -13
5728 -13
5729 -13
5730 -13
5731 -13
5732 -13
5733 -13
5734 -13
5735 -13
5736 -13
5737 -13
5738 -13
5739 -13
5740 -13
5741 -13
5742 -13
5743 -13
5744 -13
5745 -13
5746 -13
5747 -13
5748 -13
5749 -13
5750 -13
5751 -13
5752 -13
5753 -13
5754 -13
5755 -13
5756 -13
5757 -13
5758 -13
5759 -13
5760 -13
5761 -13
5762 -13
5763 -13
5764 -13
5765 -13
5766 -13
5767 -13
5768 -13
5769 -13
5770 -13
5771 -13
5772 -13
5773 -13
5774 -13
5775 -13
5776 -13
5777 -13
5778 -13
5779 -13
5780 -13
5781 -13
5782 -13
5783 -13
5784 -13
5785 -13
5786 -13
5787 -13
5788 -13
5789 -13
5790 -13
5791 -13
5792 -13
5793 -13
5794 -13
5795 -13
5796 -13
5797 -13
5798 -13
5799 -13
5800 -13
5801 -13
5802 -13
5803 -13
5804 -13
5805 -13
5806 -13
5807 -13
5808 -13
5809 -13
5810 -13
5811 -13
5812 -13
5813 -13
5814 -13
5815 -13
5816 -13
5817 -13
5818 -13
5819 -13
5820 -13
5821 -13
5822 -13
5823 -13
5824 -13
5825 -13
5826 -13
5827 -13
5828 -13
5829 -13
5830 -13
5831 -13
5832 -13
5833 -13
5834 -13
5835 -13
5836 -13
5837 -13
5838 -13
5839 -13
5840 -13
5841 -13
5842 -13
5843 -13
5844 -13
5845 -13
5846 -13
5847 -13
5848 -13
5849 -13
5850 -13
5851 -13
5852 -13
5853 -13
5854 -13
5855 -13
5856 -13
5857 -13
5858 -13
5859 -13
5860 -13
5861 -13
5862 -13
5863 -13
5864 -13
5865 -13
5866 -13
5867 -13
5868 -13
5869 -13
5870 -13
5871 -13
5872 -13
5873 -13
5874 -13
5875 -13
5876 -13
5877 -13
5878 -13
5879 -13
5880 -13
5881 -13
5882 -13
5883 -13
5884 -13
5885 -13
5886 -13
5887 -13
5888 -13
5889 -13
5890 -13
5891 -13
5892 -13
5893 -13
5894 -13
5895 -13
5896 -13
5897 -13
5898 -13
5899 -13
5900 -13
5901 -13
5902 -13
5903 -13
5904 -13
5905 -13
5906 -13
5907 -13
5908 -13
5909 -13
5910 -13
5911 -13
5912 -13
5913 -13
5914 -13
5915 -13
5916 -13
5917 -13
5918 -13
5919 -13
5920 -13
5921 -13
5922 -13
5923 -13
5924 -13
5925 -13
5926 -13
5927 -13
5928 -13
5929 -13
5930 -13
5931 -13
5932 -13
5933 -13
5934 -13
5935 -13
5936 -13
5937 -13
5938 -13
5939 -13
5940 -13
5941 -13
5942 -13
5943 -13
5944 -13
5945 -13
5946 -13
5947 -13
5948 -13
5949 -13
5950 -13
5951 -13
5952 -13
5953 -13
5954 -13
5955 -13
5956 -13
5957 -13
5958 -13
5959 -13
5960 -13
5961 -13
5962 -13
5963 -13
5964 -13
5965 -13
5966 -13
5967 -13
5968 -13
5969 -13
5970 -13
5971 -13
5972 -13
5973 -13
5974 -13
5975 -13
5976 -13
5977 -13
5978 -13
5979 -13
5980 -13
5981 -13
5982 -13
5983 -13
5984 -13
5985 -13
5986 -13
5987 -13
5988 -13
5989 -13
5990 -13
5991 -13
5992 -13
5993 -13
5994 -13
5995 -13
5996 -13
5997 -13
5998 -13
5999 -13
6000 -13
6001 -13
6002 -13
6003 -13
6004 -13
6005 -13
6006 -13
6007 -13
6008 -13
6009 -13
6010 -13
6011 -13
6012 -13
6013 -13
6014 -13
6015 -13
6016 -13
6017 -13
6018 -13
6019 -13
6020 -13
6021 -13
6022 -13
6023 -13
6024 -13
6025 -13
6026 -13
6027 -13
6028 -13
6029 -13
6030 -13
6031 -13
6032 -13
6033 -13
6034 -13
6035 -13
6036 -13
6037 -13
6038 -13
6039 -13
6040 -13
6041 -13
6042 -13
6043 -13
6044 -13
6045 -13
6046 -13
6047 -13
6048 -13
6049 -13
6050 -13
6051 -13
6052 -13
6053 -13
6054 -13
6055 -13
6056 -13
6057 -13
6058 -13
6059 -13
6060 -13
6061 -13
6062 -13
6063 -13
6064 -13
6065 -13
6066 -13
6067 -13
6068 -13
6069 -13
6070 -13
6071 -13
6072 -13
6073 -13
6074 -13
6075 -13
6076 -13
6077 -13
6078 -13
6079 -13
6080 -13
6081 -13
6082 -13
6083 -13
6084 -13
6085 -13
6086 -13
6087 -13
6088 -13
6089 -13
6090 -13
6091 -13
6092 -13
6093 -13
6094 -13
6095 -13
6096 -13
6097 -13
6098 -13
6099 -13
6100 -13
6101 -13
6102 -13
6103 -13
6104 -13
6105 -13
6106 -13
6107 -13
6108 -13
6109 -13
6110 -13
6111 -13
6112 -13
6113 -13
6114 -13
6115 -13
6116 -13
6117 -13
6118 -13
6119 -13
6120 -13
6121 -13
6122 -13
6123 -13
6124 -13
6125 -13
6126 -13
6127 -13
6128 -13
6129 -13
6130 -13
6131 -13
6132 -13
6133 -13
6134 -13
6135 -13
6136 -13
6137 -13
6138 -13
6139 -13
6140 -13
6141 -13
6142 -13
6143 -13
6144 -13
6145 -13
6146 -13
6147 -13
6148 -13
6149 -13
6150 -13
6151 -13
6152 -13
6153 -13
6154 -13
6155 -13
6156 -13
6157 -13
6158 -13
6159 -13
6160 -13
6161 -13
6162 -13
6163 -13
6164 -13
6165 -13
6166 -13
6167 -13
6168 -13
6169 -13
6170 -13
6171 -13
6172 -13
6173 -13
6174 -13
6175 -13
6176 -13
6177 -13
6178 -13
6179 -13
6180 -13
6181 -13
6182 -13
6183 -13
6184 -13
6185 -13
6186 -13
6187 -13
6188 -13
6189 -13
6190 -13
6191 -13
6192 -13
6193 -13
6194 -13
6195 -13
6196 -13
6197 -13
6198 -13
6199 -13
6200 -13
6201 -13
6202 -13
6203 -13
6204 -13
6205 -13
6206 -13
6207 -13
6208 -13
6209 -13
6210 -13
6211 -13
6212 -13
6213 -13
6214 -13
6215 -13
6216 -13
6217 -13
6218 -13
6219 -13
6220 -13
6221 -13
6222 -13
6223 -13
6224 -13
6225 -13
6226 -13
6227 -13
6228 -13
6229 -13
6230 -13
6231 -13
6232 -13
6233 -13
6234 -13
6235 -13
6236 -13
6237 -13
6238 -13
6239 -13
6240 -13
6241 -13
6242 -13
6243 -13
6244 -13
6245 -13
6246 -13
6247 -13
6248 -13
6249 -13
6250 -13
6251 -13
6252 -13
6253 -13
6254 -13
6255 -13
6256 -13
6257 -13
6258 -13
6259 -13
6260 -13
6261 -13
6262 -13
6263 -13
6264 -13
6265 -13
6266 -13
6267 -13
6268 -13
6269 -13
6270 -13
6271 -13
6272 -13
6273 -13
6274 -13
6275 -13
6276 -13
6277 -13
6278 -13
6279 -13
6280 -13
6281 -13
6282 -13
6283 -13
6284 -13
6285 -13
6286 -13
6287 -13
6288 -13
6289 -13
6290 -13
6291 -13
6292 -13
6293 -13
6294 -13
6295 -13
6296 -13
6297 -13
6298 -13
6299 -13
6300 -13
6301 -13
6302 -13
6303 -13
6304 -13
6305 -13
6306 -13
6307 -13
6308 -13
6309 -13
6310 -13
6311 -13
6312 -13
6313 -13
6314 -13
6315 -13
6316 -13
6317 -13
6318 -13
6319 -13
6320 -13
6321 -13
6322 -13
6323 -13
6324 -13
6325 -13
6326 -13
6327 -13
6328 -13
6329 -13
6330 -13
6331 -13
6332 -13
6333 -13
6334 -13
6335 -13
6336 -13
6337 -13
6338 -13
6339 -13
6340 -13
6341 -13
6342 -13
6343 -13
6344 -13
6345 -13
6346 -13
6347 -13
6348 -13
6349 -13
6350 -13
6351 -13
6352 -13
6353 -13
6354 -13
6355 -13
6356 -13
6357 -13
6358 -13
6359 -13
6360 -13
6361 -13
6362 -13
6363 -13
6364 -13
6365 -13
6366 -13
6367 -13
6368 -13
6369 -13
6370 -13
6371 -13
6372 -13
6373 -13
6374 -13
6375 -13
6376 -13
6377 -13
6378 -13
6379 -13
6380 -13
6381 -13
6382 -13
6383 -13
6384 -13
6385 -13
6386 -13
6387 -13
6388 -13
6389 -13
6390 -13
6391 -13
6392 -13
6393 -13
6394 -13
6395 -13
6396 -13
6397 -13
6398 -13
6399 -13
6400 -13
6401 -13
6402 -13
6403 -13
6404 -13
6405 -13
6406 -13
6407 -13
6408 -13
6409 -13
6410 -13
6411 -13
6412 -13
6413 -13
6414 -13
6415 -13
6416 -13
6417 -13
6418 -13
6419 -13
6420 -13
6421 -13
6422 -13
6423 -13
6424 -13
6425 -13
6426 -13
6427 -13
6428 -13
6429 -13
6430 -13
6431 -13
6432 -13
6433 -13
6434 -13
6435 -13
6436 -13
6437 -13
6438 -13
6439 -13
6440 -13
6441 -13
6442 -13
6443 -13
6444 -13
6445 -13
6446 -13
6447 -13
6448 -13
6449 -13
6450 -13
6451 -13
6452 -13
6453 -13
6454 -13
6455 -13
6456 -13
6457 -13
6458 -13
6459 -13
6460 -13
6461 -13
6462 -13
6463 -13
6464 -13
6465 -13
6466 -13
6467 -13
6468 -13
6469 -13
6470 -13
6471 -13
6472 -13
6473 -13
6474 -13
6475 -13
6476 -13
6477 -13
6478 -13
6479 -13
6480 -13
6481 -13
6482 -13
6483 -13
6484 -13
6485 -13
6486 -13
6487 -13
6488 -13
6489 -13
6490 -13
6491 -13
6492 -13
6493 -13
6494 -13
6495 -13
6496 -13
6497 -13
6498 -13
6499 -13
6500 -13
6501 -13
6502 -13
6503 -13
6504 -13
6505 -13
6506 -13
6507 -13
6508 -13
6509 -13
6510 -13
6511 -13
6512 -13
6513 -13
6514 -13
6515 -13
6516 -13
6517 -13
6518 -13
6519 -13
6520 -13
6521 -13
6522 -13
6523 -13
6524 -13
6525 -13
6526 -13
6527 -13
6528 -13
6529 -13
6530 -13
6531 -13
6532 -13
6533 -13
6534 -13
6535 -13
6536 -13
6537 -13
6538 -13
6539 -13
6540 -13
6541 -13
6542 -13
6543 -13
6544 -13
6545 -13
6546 -13
6547 -13
6548 -13
6549 -13
6550 -13
6551 -13
6552 -13
6553 -13
6554 -13
6555 -13
6556 -13
6557 -13
6558 -13
6559 -13
6560 -13
6561 -13
6562 -13
6563 -13
6564 -13
6565 -13
6566 -13
6567 -13
6568 -13
6569 -13
6570 -13
6571 -13
6572 -13
6573 -13
6574 -13
6575 -13
6576 -13
6577 -13
6578 -13
6579 -13
6580 -13
6581 -13
6582 -13
6583 -13
6584 -13
6585 -13
6586 -13
6587 -13
6588 -13
6589 -13
6590 -13
6591 -13
6592 -13
6593 -13
6594 -13
6595 -13
6596 -13
6597 -13
6598 -13
6599 -13
6600 -13
6601 -13
6602 -13
6603 -13
6604 -13
6605 -13
6606 -13
6607 -13
6608 -13
6609 -13
6610 -13
6611 -13
6612 -13
6613 -13
6614 -13
6615 -13
6616 -13
6617 -13
6618 -13
6619 -13
6620 -13
6621 -13
6622 -13
6623 -13
6624 -13
6625 -13
6626 -13
6627 -13
6628 -13
6629 -13
6630 -13
6631 -13
6632 -13
6633 -13
6634 -13
6635 -13
6636 -13
6637 -13
6638 -13
6639 -13
6640 -13
6641 -13
6642 -13
6643 -13
6644 -13
6645 -13
6646 -13
6647 -13
6648 -13
6649 -13
6650 -13
6651 -13
6652 -13
6653 -13
6654 -13
6655 -13
6656 -13
6657 -13
6658 -13
6659 -13
6660 -13
6661 -13
6662 -13
6663 -13
6664 -13
6665 -13
6666 -13
6667 -13
6668 -13
6669 -13
6670 -13
6671 -13
6672 -13
6673 -13
6674 -13
6675 -13
6676 -13
6677 -13
6678 -13
6679 -13
6680 -13
6681 -13
6682 -13
6683 -13
6684 -13
6685 -13
6686 -13
6687 -13
6688 -13
6689 -13
6690 -13
6691 -13
6692 -13
6693 -13
6694 -13
6695 -13
6696 -13
6697 -13
6698 -13
6699 -13
6700 -13
6701 -13
6702 -13
6703 -13
6704 -13
6705 -13
6706 -13
6707 -13
6708 -13
6709 -13
6710 -13
6711 -13
6712 -13
6713 -13
6714 -13
6715 -13
6716 -13
6717 -13
6718 -13
6719 -13
6720 -13
6721 -13
6722 -13
6723 -13
6724 -13
6725 -13
6726 -13
6727 -13
6728 -13
6729 -13
6730 -13
6731 -13
6732 -13
6733 -13
6734 -13
6735 -13
6736 -13
6737 -13
6738 -13
6739 -13
6740 -13
6741 -13
6742 -13
6743 -13
6744 -13
6745 -13
6746 -13
6747 -13
6748 -13
6749 -13
6750 -13
6751 -13
6752 -13
6753 -13
6754 -13
6755 -13
6756 -13
6757 -13
6758 -13
6759 -13
6760 -13
6761 -13
6762 -13
6763 -13
6764 -13
6765 -13
6766 -13
6767 -13
6768 -13
6769 -13
6770 -13
6771 -13
6772 -13
6773 -13
6774 -13
6775 -13
6776 -13
6777 -13
6778 -13
6779 -13
6780 -13
6781 -13
6782 -13
6783 -13
6784 -13
6785 -13
6786 -13
6787 -13
6788 -13
6789 -13
6790 -13
6791 -13
6792 -13
6793 -13
6794 -13
6795 -13
6796 -13
6797 -13
6798 -13
6799 -13
6800 -13
6801 -13
6802 -13
6803 -13
6804 -13
6805 -13
6806 -13
6807 -13
6808 -13
6809 -13
6810 -13
6811 -13
6812 -13
6813 -13
6814 -13
6815 -13
6816 -13
6817 -13
6818 -13
6819 -13
6820 -13
6821 -13
6822 -13
6823 -13
6824 -13
6825 -13
6826 -13
6827 -13
6828 -13
6829 -13
6830 -13
6831 -13
6832 -13
6833 -13
6834 -13
6835 -13
6836 -13
6837 -13
6838 -13
6839 -13
6840 -13
6841 -13
6842 -13
6843 -13
6844 -13
6845 -13
6846 -13
6847 -13
6848 -13
6849 -13
6850 -13
6851 -13
6852 -13
6853 -13
6854 -13
6855 -13
6856 -13
6857 -13
6858 -13
6859 -13
6860 -13
6861 -13
6862 -13
6863 -13
6864 -13
6865 -13
6866 -13
6867 -13
6868 -13
6869 -13
6870 -13
6871 -13
6872 -13
6873 -13
6874 -13
6875 -13
6876 -13
6877 -13
6878 -13
6879 -13
6880 -13
6881 -13
6882 -13
6883 -13
6884 -13
6885 -13
6886 -13
6887 -13
6888 -13
6889 -13
6890 -13
6891 -13
6892 -13
6893 -13
6894 -13
6895 -13
6896 -13
6897 -13
6898 -13
6899 -13
6900 -13
6901 -13
6902 -13
6903 -13
6904 -13
6905 -13
6906 -13
6907 -13
6908 -13
6909 -13
6910 -13
6911 -13
6912 -13
6913 -13
6914 -13
6915 -13
6916 -13
6917 -13
6918 -13
6919 -13
6920 -13
6921 -13
6922 -13
6923 -13
6924 -13
6925 -13
6926 -13
6927 -13
6928 -13
6929 -13
6930 -13
6931 -13
6932 -13
6933 -13
6934 -13
6935 -13
6936 -13
6937 -13
6938 -13
6939 -13
6940 -13
6941 -13
6942 -13
6943 -13
6944 -13
6945 -13
6946 -13
6947 -13
6948 -13
6949 -13
6950 -13
6951 -13
6952 -13
6953 -13
6954 -13
6955 -13
6956 -13
6957 -13
6958 -13
6959 -13
6960 -13
6961 -13
6962 -13
6963 -13
6964 -13
6965 -13
6966 -13
6967 -13
6968 -13
6969 -13
6970 -13
6971 -13
6972 -13
6973 -13
6974 -13
6975 -13
6976 -13
6977 -13
6978 -13
6979 -13
6980 -13
6981 -13
6982 -13
6983 -13
6984 -13
6985 -13
6986 -13
6987 -13
6988 -13
6989 -13
6990 -13
6991 -13
6992 -13
6993 -13
6994 -13
6995 -13
6996 -13
6997 -13
6998 -13
6999 -13
7000 -13
7001 -13
7002 -13
7003 -13
7004 -13
7005 -13
7006 -13
7007 -13
7008 -13
7009 -13
7010 -13
7011 -13
7012 -13
7013 -13
7014 -13
7015 -13
7016 -13
7017 -13
7018 -13
7019 -13
7020 -13
7021 -13
7022 -13
7023 -13
7024 -13
7025 -13
7026 -13
7027 -13
7028 -13
7029 -13
7030 -13
7031 -13
7032 -13
7033 -13
7034 -13
7035 -13
7036 -13
7037 -13
7038 -13
7039 -13
7040 -13
7041 -13
7042 -13
7043 -13
7044 -13
7045 -13
7046 -13
7047 -13
7048 -13
7049 -13
7050 -13
7051 -13
7052 -13
7053 -13
7054 -13
7055 -13
7056 -13
7057 -13
7058 -13
7059 -13
7060 -13
7061 -13
7062 -13
7063 -13
7064 -13
7065 -13
7066 -13
7067 -13
7068 -13
7069 -13
7070 -13
7071 -13
7072 -13
7073 -13
7074 -13
7075 -13
7076 -13
7077 -13
7078 -13
7079 -13
7080 -13
7081 -13
7082 -13
7083 -13
7084 -13
7085 -13
7086 -13
7087 -13
7088 -13
7089 -13
7090 -13
7091 -13
7092 -13
7093 -13
7094 -13
7095 -13
7096 -13
7097 -13
7098 -13
7099 -13
7100 -13
7101 -13
7102 -13
7103 -13
7104 -13
7105 -13
7106 -13
7107 -13
7108 -13
7109 -13
7110 -13
7111 -13
7112 -13
7113 -13
7114 -13
7115 -13
7116 -13
7117 -13
7118 -13
7119 -13
7120 -13
7121 -13
7122 -13
7123 -13
7124 -13
7125 -13
7126 -13
7127 -13
7128 -13
7129 -13
7130 -13
7131 -13
7132 -13
7133 -13
7134 -13
7135 -13
7136 -13
7137 -13
7138 -13
7139 -13
7140 -13
7141 -13
7142 -13
7143 -13
7144 -13
7145 -13
7146 -13
7147 -13
7148 -13
7149 -13
7150 -13
7151 -13
7152 -13
7153 -13
7154 -13
7155 -13
7156 -13
7157 -13
7158 -13
7159 -13
7160 -13
7161 -13
7162 -13
7163 -13
7164 -13
7165 -13
7166 -13
7167 -13
7168 -13
7169 -13
7170 -13
7171 -13
7172 -13
7173 -13
7174 -13
7175 -13
7176 -13
7177 -13
7178 -13
7179 -13
7180 -13
7181 -13
7182 -13
7183 -13
7184 -13
7185 -13
7186 -13
7187 -13
7188 -13
7189 -13
7190 -13
7191 -13
7192 -13
7193 -13
7194 -13
7195 -13
7196 -13
7197 -13
7198 -13
7199 -13
7200 -13
7201 -13
7202 -13
7203 -13
7204 -13
7205 -13
7206 -13
7207 -13
7208 -13
7209 -13
7210 -13
7211 -13
7212 -13
7213 -13
7214 -13
7215 -13
7216 -13
7217 -13
7218 -13
7219 -13
7220 -13
7221 -13
7222 -13
7223 -13
7224 -13
7225 -13
7226 -13
7227 -13
7228 -13
7229 -13
7230 -13
7231 -13
7232 -13
7233 -13
7234 -13
7235 -13
7236 -13
7237 -13
7238 -13
7239 -13
7240 -13
7241 -13
7242 -13
7243 -13
7244 -13
7245 -13
7246 -13
7247 -13
7248 -13
7249 -13
7250 -13
7251 -13
7252 -13
7253 -13
7254 -13
7255 -13
7256 -13
7257 -13
7258 -13
7259 -13
7260 -13
7261 -13
7262 -13
7263 -13
7264 -13
7265 -13
7266 -13
7267 -13
7268 -13
7269 -13
7270 -13
7271 -13
7272 -13
7273 -13
7274 -13
7275 -13
7276 -13
7277 -13
7278 -13
7279 -13
7280 -13
7281 -13
7282 -13
7283 -13
7284 -13
7285 -13
7286 -13
7287 -13
7288 -13
7289 -13
7290 -13
7291 -13
7292 -13
7293 -13
7294 -13
7295 -13
7296 -13
7297 -13
7298 -13
7299 -13
7300 -13
7301 -13
7302 -13
7303 -13
7304 -13
7305 -13
7306 -13
7307 -13
7308 -13
7309 -13
7310 -13
7311 -13
7312 -13
7313 -13
7314 -13
7315 -13
7316 -13
7317 -13
7318 -13
7319 -13
7320 -13
7321 -13
7322 -13
7323 -13
7324 -13
7325 -13
7326 -13
7327 -13
7328 -13
7329 -13
7330 -13
7331 -13
7332 -13
7333 -13
7334 -13
7335 -13
7336 -13
7337 -13
7338 -13
7339 -13
7340 -13
7341 -13
7342 -13
7343 -13
7344 -13
7345 -13
7346 -13
7347 -13
7348 -13
7349 -13
7350 -13
7351 -13
7352 -13
7353 -13
7354 -13
7355 -13
7356 -13
7357 -13
7358 -13
7359 -13
7360 -13
7361 -13
7362 -13
7363 -13
7364 -13
7365 -13
7366 -13
7367 -13
7368 -13
7369 -13
7370 -13
7371 -13
7372 -13
7373 -13
7374 -13
7375 -13
7376 -13
7377 -13
7378 -13
7379 -13
7380 -13
7381 -13
7382 -13
7383 -13
7384 -13
7385 -13
7386 -13
7387 -13
7388 -13
7389 -13
7390 -13
7391 -13
7392 -13
7393 -13
7394 -13
7395 -13
7396 -13
7397 -13
7398 -13
7399 -13
7400 -13
7401 -13
7402 -13
7403 -13
7404 -13
7405 -13
7406 -13
7407 -13
7408 -13
7409 -13
7410 -13
7411 -13
7412 -13
7413 -13
7414 -13
7415 -13
7416 -13
7417 -13
7418 -13
7419 -13
7420 -13
7421 -13
7422 -13
7423 -13
7424 -13
7425 -13
7426 -13
7427 -13
7428 -13
7429 -13
7430 -13
7431 -13
7432 -13
7433 -13
7434 -13
7435 -13
7436 -13
7437 -13
7438 -13
7439 -13
7440 -13
7441 -13
7442 -13
7443 -13
7444 -13
7445 -13
7446 -13
7447 -13
7448 -13
7449 -13
7450 -13
7451 -13
7452 -13
7453 -13
7454 -13
7455 -13
7456 -13
7457 -13
7458 -13
7459 -13
7460 -13
7461 -13
7462 -13
7463 -13
7464 -13
7465 -13
7466 -13
7467 -13
7468 -13
7469 -13
7470 -13
7471 -13
7472 -13
7473 -13
7474 -13
7475 -13
7476 -13
7477 -13
7478 -13
7479 -13
7480 -13
7481 -13
7482 -13
7483 -13
7484 -13
7485 -13
7486 -13
7487 -13
7488 -13
7489 -13
7490 -13
7491 -13
7492 -13
7493 -13
7494 -13
7495 -13
7496 -13
7497 -13
7498 -13
7499 -13
7500 -13
7501 -13
7502 -13
7503 -13
7504 -13
7505 -13
7506 -13
7507 -13
7508 -13
7509 -13
7510 -13
7511 -13
7512 -13
7513 -13
7514 -13
7515 -13
7516 -13
7517 -13
7518 -13
7519 -13
7520 -13
7521 -13
7522 -13
7523 -13
7524 -13
7525 -13
7526 -13
7527 -13
7528 -13
7529 -13
7530 -13
7531 -13
7532 -13
7533 -13
7534 -13
7535 -13
7536 -13
7537 -13
7538 -13
7539 -13
7540 -13
7541 -13
7542 -13
7543 -13
7544 -13
7545 -13
7546 -13
7547 -13
7548 -13
7549 -13
7550 -13
7551 -13
7552 -13
7553 -13
7554 -13
7555 -13
7556 -13
7557 -13
7558 -13
7559 -13
7560 -13
7561 -13
7562 -13
7563 -13
7564 -13
7565 -13
7566 -13
7567 -13
7568 -13
7569 -13
7570 -13
7571 -13
7572 -13
7573 -13
7574 -13
7575 -13
7576 -13
7577 -13
7578 -13
7579 -13
7580 -13
7581 -13
7582 -13
7583 -13
7584 -13
7585 -13
7586 -13
7587 -13
7588 -13
7589 -13
7590 -13
7591 -13
7592 -13
7593 -13
7594 -13
7595 -13
7596 -13
7597 -13
7598 -13
7599 -13
7600 -13
7601 -13
7602 -13
7603 -13
7604 -13
7605 -13
7606 -13
7607 -13
7608 -13
7609 -13
7610 -13
7611 -13
7612 -13
7613 -13
7614 -13
7615 -13
7616 -13
7617 -13
7618 -13
7619 -13
7620 -13
7621 -13
7622 -13
7623 -13
7624 -13
7625 -13
7626 -13
7627 -13
7628 -13
7629 -13
7630 -13
7631 -13
7632 -13
7633 -13
7634 -13
7635 -13
7636 -13
7637 -13
7638 -13
7639 -13
7640 -13
7641 -13
7642 -13
7643 -13
7644 -13
7645 -13
7646 -13
7647 -13
7648 -13
7649 -13
7650 -13
7651 -13
7652 -13
7653 -13
7654 -13
7655 -13
7656 -13
7657 -13
7658 -13
7659 -13
7660 -13
7661 -13
7662 -13
7663 -13
7664 -13
7665 -13
7666 -13
7667 -13
7668 -13
7669 -13
7670 -13
7671 -13
7672 -13
7673 -13
7674 -13
7675 -13
7676 -13
7677 -13
7678 -13
7679 -13
7680 -13
7681 -13
7682 -13
7683 -13
7684 -13
7685 -13
7686 -13
7687 -13
7688 -13
7689 -13
7690 -13
7691 -13
7692 -13
7693 -13
7694 -13
7695 -13
7696 -13
7697 -13
7698 -13
7699 -13
7700 -13
7701 -13
7702 -13
7703 -13
7704 -13
7705 -13
7706 -13
7707 -13
7708 -13
7709 -13
7710 -13
7711 -13
7712 -13
7713 -13
7714 -13
7715 -13
7716 -13
7717 -13
7718 -13
7719 -13
7720 -13
7721 -13
7722 -13
7723 -13
7724 -13
7725 -13
7726 -13
7727 -13
7728 -13
7729 -13
7730 -13
7731 -13
7732 -13
7733 -13
7734 -13
7735 -13
7736 -13
7737 -13
7738 -13
7739 -13
7740 -13
7741 -13
7742 -13
7743 -13
7744 -13
7745 -13
7746 -13
7747 -13
7748 -13
7749 -13
7750 -13
7751 -13
7752 -13
7753 -13
7754 -13
7755 -13
7756 -13
7757 -13
7758 -13
7759 -13
7760 -13
7761 -13
7762 -13
7763 -13
7764 -13
7765 -13
7766 -13
7767 -13
7768 -13
7769 -13
7770 -13
7771 -13
7772 -13
7773 -13
7774 -13
7775 -13
7776 -13
7777 -13
7778 -13
7779 -13
7780 -13
7781 -13
7782 -13
7783 -13
7784 -13
7785 -13
7786 -13
7787 -13
7788 -13
7789 -13
7790 -13
7791 -13
7792 -13
7793 -13
7794 -13
7795 -13
7796 -13
7797 -13
7798 -13
7799 -13
7800 -13
7801 -13
7802 -13
7803 -13
7804 -13
7805 -13
7806 -13
7807 -13
7808 -13
7809 -13
7810 -13
7811 -13
7812 -13
7813 -13
7814 -13
7815 -13
7816 -13
7817 -13
7818 -13
7819 -13
7820 -13
7821 -13
7822 -13
7823 -13
7824 -13
7825 -13
7826 -13
7827 -13
7828 -13
7829 -13
7830 -13
7831 -13
7832 -13
7833 -13
7834 -13
7835 -13
7836 -13
7837 -13
7838 -13
7839 -13
7840 -13
7841 -13
7842 -13
7843 -13
7844 -13
7845 -13
7846 -13
7847 -13
7848 -13
7849 -13
7850 -13
7851 -13
7852 -13
7853 -13
7854 -13
7855 -13
7856 -13
7857 -13
7858 -13
7859 -13
7860 -13
7861 -13
7862 -13
7863 -13
7864 -13
7865 -13
7866 -13
7867 -13
7868 -13
7869 -13
7870 -13
7871 -13
7872 -13
7873 -13
7874 -13
7875 -13
7876 -13
7877 -13
7878 -13
7879 -13
7880 -13
7881 -13
7882 -13
7883 -13
7884 -13
7885 -13
7886 -13
7887 -13
7888 -13
7889 -13
7890 -13
7891 -13
7892 -13
7893 -13
7894 -13
7895 -13
7896 -13
7897 -13
7898 -13
7899 -13
7900 -13
7901 -13
7902 -13
7903 -13
7904 -13
7905 -13
7906 -13
7907 -13
7908 -13
7909 -13
7910 -13
7911 -13
7912 -13
7913 -13
7914 -13
7915 -13
7916 -13
7917 -13
7918 -13
7919 -13
7920 -13
7921 -13
7922 -13
7923 -13
7924 -13
7925 -13
7926 -13
7927 -13
7928 -13
7929 -13
7930 -13
7931 -13
7932 -13
7933 -13
7934 -13
7935 -13
7936 -13
7937 -13
7938 -13
7939 -13
7940 -13
7941 -13
7942 -13
7943 -13
7944 -13
7945 -13
7946 -13
7947 -13
7948 -13
7949 -13
7950 -13
7951 -13
7952 -13
7953 -13
7954 -13
7955 -13
7956 -13
7957 -13
7958 -13
7959 -13
7960 -13
7961 -13
7962 -13
7963 -13
7964 -13
7965 -13
7966 -13
7967 -13
7968 -13
7969 -13
7970 -13
7971 -13
7972 -13
7973 -13
7974 -13
7975 -13
7976 -13
7977 -13
7978 -13
7979 -13
7980 -13
7981 -13
7982 -13
7983 -13
7984 -13
7985 -13
7986 -13
7987 -13
7988 -13
7989 -13
7990 -13
7991 -13
7992 -13
7993 -13
7994 -13
7995 -13
7996 -13
7997 -13
7998 -13
7999 -13
8000 -13
8001 -13
8002 -13
8003 -13
8004 -13
8005 -13
8006 -13
8007 -13
8008 -13
8009 -13
8010 -13
8011 -13
8012 -13
8013 -13
8014 -13
8015 -13
8016 -13
8017 -13
8018 -13
8019 -13
8020 -13
8021 -13
8022 -13
8023 -13
8024 -13
8025 -13
8026 -13
8027 -13
8028 -13
8029 -13
8030 -13
8031 -13
8032 -13
8033 -13
8034 -13
8035 -13
8036 -13
8037 -13
8038 -13
8039 -13
8040 -13
8041 -13
8042 -13
8043 -13
8044 -13
8045 -13
8046 -13
8047 -13
8048 -13
8049 -13
8050 -13
8051 -13
8052 -13
8053 -13
8054 -13
8055 -13
8056 -13
8057 -13
8058 -13
8059 -13
8060 -13
8061 -13
8062 -13
8063 -13
8064 -13
8065 -13
8066 -13
8067 -13
8068 -13
8069 -13
8070 -13
8071 -13
8072 -13
8073 -13
8074 -13
8075 -13
8076 -13
8077 -13
8078 -13
8079 -13
8080 -13
8081 -13
8082 -13
8083 -13
8084 -13
8085 -13
8086 -13
8087 -13
8088 -13
8089 -13
8090 -13
8091 -13
8092 -13
8093 -13
8094 -13
8095 -13
8096 -13
8097 -13
8098 -13
8099 -13
8100 -13
8101 -13
8102 -13
8103 -13
8104 -13
8105 -13
8106 -13
8107 -13
8108 -13
8109 -13
8110 -13
8111 -13
8112 -13
8113 -13
8114 -13
8115 -13
8116 -13
8117 -13
8118 -13
8119 -13
8120 -13
8121 -13
8122 -13
8123 -13
8124 -13
8125 -13
8126 -13
8127 -13
8128 -13
8129 -13
8130 -13
8131 -13
8132 -13
8133 -13
8134 -13
8135 -13
8136 -13
8137 -13
8138 -13
8139 -13
8140 -13
8141 -13
8142 -13
8143 -13
8144 -13
8145 -13
8146 -13
8147 -13
8148 -13
8149 -13
8150 -13
8151 -13
8152 -13
8153 -13
8154 -13
8155 -13
8156 -13
8157 -13
8158 -13
8159 -13
8160 -13
8161 -13
8162 -13
8163 -13
8164 -13
8165 -13
8166 -13
8167 -13
8168 -13
8169 -13
8170 -13
8171 -13
8172 -13
8173 -13
8174 -13
8175 -13
8176 -13
8177 -13
8178 -13
8179 -13
8180 -13
8181 -13
8182 -13
8183 -13
8184 -13
8185 -13
8186 -13
8187 -13
8188 -13
8189 -13
8190 -13
8191 -13
8192 -13
8193 -13
8194 -13
8195 -13
8196 -13
8197 -13
8198 -13
8199 -13
8200 -13
8201 -13
8202 -13
8203 -13
8204 -13
8205 -13
8206 -13
8207 -13
8208 -13
8209 -13
8210 -13
8211 -13
8212 -13
8213 -13
8214 -13
8215 -13
8216 -13
8217 -13
8218 -13
8219 -13
8220 -13
8221 -13
8222 -13
8223 -13
8224 -13
8225 -13
8226 -13
8227 -13
8228 -13
8229 -13
8230 -13
8231 -13
8232 -13
8233 -13
8234 -13
8235 -13
8236 -13
8237 -13
8238 -13
8239 -13
8240 -13
8241 -13
8242 -13
8243 -13
8244 -13
8245 -13
8246 -13
8247 -13
8248 -13
8249 -13
8250 -13
8251 -13
8252 -13
8253 -13
8254 -13
8255 -13
8256 -13
8257 -13
8258 -13
8259 -13
8260 -13
8261 -13
8262 -13
8263 -13
8264 -13
8265 -13
8266 -13
8267 -13
8268 -13
8269 -13
8270 -13
8271 -13
8272 -13
8273 -13
8274 -13
8275 -13
8276 -13
8277 -13
8278 -13
8279 -13
8280 -13
8281 -13
8282 -13
8283 -13
8284 -13
8285 -13
8286 -13
8287 -13
8288 -13
8289 -13
8290 -13
8291 -13
8292 -13
8293 -13
8294 -13
8295 -13
8296 -13
8297 -13
8298 -13
8299 -13
8300 -13
8301 -13
8302 -13
8303 -13
8304 -13
8305 -13
8306 -13
8307 -13
8308 -13
8309 -13
8310 -13
8311 -13
8312 -13
8313 -13
8314 -13
8315 -13
8316 -13
8317 -13
8318 -13
8319 -13
8320 -13
8321 -13
8322 -13
8323 -13
8324 -13
8325 -13
8326 -13
8327 -13
8328 -13
8329 -13
8330 -13
8331 -13
8332 -13
8333 -13
8334 -13
8335 -13
8336 -13
8337 -13
8338 -13
8339 -13
8340 -13
8341 -13
8342 -13
8343 -13
8344 -13
8345 -13
8346 -13
8347 -13
8348 -13
8349 -13
8350 -13
8351 -13
8352 -13
8353 -13
8354 -13
8355 -13
8356 -13
8357 -13
8358 -13
8359 -13
8360 -13
8361 -13
8362 -13
8363 -13
8364 -13
8365 -13
8366 -13
8367 -13
8368 -13
8369 -13
8370 -13
8371 -13
8372 -13
8373 -13
8374 -13
8375 -13
8376 -13
8377 -13
8378 -13
8379 -13
8380 -13
8381 -13
8382 -13
8383 -13
8384 -13
8385 -13
8386 -13
8387 -13
8388 -13
8389 -13
8390 -13
8391 -13
8392 -13
8393 -13
8394 -13
8395 -13
8396 -13
8397 -13
8398 -13
8399 -13
8400 -13
8401 -13
8402 -13
8403 -13
8404 -13
8405 -13
8406 -13
8407 -13
8408 -13
8409 -13
8410 -13
8411 -13
8412 -13
8413 -13
8414 -13
8415 -13
8416 -13
8417 -13
8418 -13
8419 -13
8420 -13
8421 -13
8422 -13
8423 -13
8424 -13
8425 -13
8426 -13
8427 -13
8428 -13
8429 -13
8430 -13
8431 -13
8432 -13
8433 -13
8434 -13
8435 -13
8436 -13
8437 -13
8438 -13
8439 -13
8440 -13
8441 -13
8442 -13
8443 -13
8444 -13
8445 -13
8446 -13
8447 -13
8448 -13
8449 -13
8450 -13
8451 -13
8452 -13
8453 -13
8454 -13
8455 -13
8456 -13
8457 -13
8458 -13
8459 -13
8460 -13
8461 -13
8462 -13
8463 -13
8464 -13
8465 -13
8466 -13
8467 -13
8468 -13
8469 -13
8470 -13
8471 -13
8472 -13
8473 -13
8474 -13
8475 -13
8476 -13
8477 -13
8478 -13
8479 -13
8480 -13
8481 -13
8482 -13
8483 -13
8484 -13
8485 -13
8486 -13
8487 -13
8488 -13
8489 -13
8490 -13
8491 -13
8492 -13
8493 -13
8494 -13
8495 -13
8496 -13
8497 -13
8498 -13
8499 -13
8500 -13
8501 -13
8502 -13
8503 -13
8504 -13
8505 -13
8506 -13
8507 -13
8508 -13
8509 -13
8510 -13
8511 -13
8512 -13
8513 -13
8514 -13
8515 -13
8516 -13
8517 -13
8518 -13
8519 -13
8520 -13
8521 -13
8522 -13
8523 -13
8524 -13
8525 -13
8526 -13
8527 -13
8528 -13
8529 -13
8530 -13
8531 -13
8532 -13
8533 -13
8534 -13
8535 -13
8536 -13
8537 -13
8538 -13
8539 -13
8540 -13
8541 -13
8542 -13
8543 -13
8544 -13
8545 -13
8546 -13
8547 -13
8548 -13
8549 -13
8550 -13
8551 -13
8552 -13
8553 -13
8554 -13
8555 -13
8556 -13
8557 -13
8558 -13
8559 -13
8560 -13
8561 -13
8562 -13
8563 -13
8564 -13
8565 -13
8566 -13
8567 -13
8568 -13
8569 -13
8570 -13
8571 -13
8572 -13
8573 -13
8574 -13
8575 -13
8576 -13
8577 -13
8578 -13
8579 -13
8580 -13
8581 -13
8582 -13
8583 -13
8584 -13
8585 -13
8586 -13
8587 -13
8588 -13
8589 -13
8590 -13
8591 -13
8592 -13
8593 -13
8594 -13
8595 -13
8596 -13
8597 -13
8598 -13
8599 -13
8600 -13
8601 -13
8602 -13
8603 -13
8604 -13
8605 -13
8606 -13
8607 -13
8608 -13
8609 -13
8610 -13
8611 -13
8612 -13
8613 -13
8614 -13
8615 -13
8616 -13
8617 -13
8618 -13
8619 -13
8620 -13
8621 -13
8622 -13
8623 -13
8624 -13
8625 -13
8626 -13
8627 -13
8628 -13
8629 -13
8630 -13
8631 -13
8632 -13
8633 -13
8634 -13
8635 -13
8636 -13
8637 -13
8638 -13
8639 -13
8640 -13
8641 -13
8642 -13
8643 -13
8644 -13
8645 -13
8646 -13
8647 -13
8648 -13
8649 -13
8650 -13
8651 -13
8652 -13
8653 -13
8654 -13
8655 -13
8656 -13
8657 -13
8658 -13
8659 -13
8660 -13
8661 -13
8662 -13
8663 -13
8664 -13
8665 -13
8666 -13
8667 -13
8668 -13
8669 -13
8670 -13
8671 -13
8672 -13
8673 -13
8674 -13
8675 -13
8676 -13
8677 -13
8678 -13
8679 -13
8680 -13
8681 -13
8682 -13
8683 -13
8684 -13
8685 -13
8686 -13
8687 -13
8688 -13
8689 -13
8690 -13
8691 -13
8692 -13
8693 -13
8694 -13
8695 -13
8696 -13
8697 -13
8698 -13
8699 -13
8700 -13
8701 -13
8702 -13
8703 -13
8704 -13
8705 -13
8706 -13
8707 -13
8708 -13
8709 -13
8710 -13
8711 -13
8712 -13
8713 -13
8714 -13
8715 -13
8716 -13
8717 -13
8718 -13
8719 -13
8720 -13
8721 -13
8722 -13
8723 -13
8724 -13
8725 -13
8726 -13
8727 -13
8728 -13
8729 -13
8730 -13
8731 -13
8732 -13
8733 -13
8734 -13
8735 -13
8736 -13
8737 -13
8738 -13
8739 -13
8740 -13
8741 -13
8742 -13
8743 -13
8744 -13
8745 -13
8746 -13
8747 -13
8748 -13
8749 -13
8750 -13
8751 -13
8752 -13
8753 -13
8754 -13
8755 -13
8756 -13
8757 -13
8758 -13
8759 -13
8760 -13
8761 -13
8762 -13
8763 -13
8764 -13
8765 -13
8766 -13
8767 -13
8768 -13
8769 -13
8770 -13
8771 -13
8772 -13
8773 -13
8774 -13
8775 -13
8776 -13
8777 -13
8778 -13
8779 -13
8780 -13
8781 -13
8782 -13
8783 -13
8784 -13
8785 -13
8786 -13
8787 -13
8788 -13
8789 -13
8790 -13
8791 -13
8792 -13
8793 -13
8794 -13
8795 -13
8796 -13
8797 -13
8798 -13
8799 -13
8800 -13
8801 -13
8802 -13
8803 -13
8804 -13
8805 -13
8806 -13
8807 -13
8808 -13
8809 -13
8810 -13
8811 -13
8812 -13
8813 -13
8814 -13
8815 -13
8816 -13
8817 -13
8818 -13
8819 -13
8820 -13
8821 -13
8822 -13
8823 -13
8824 -13
8825 -13
8826 -13
8827 -13
8828 -13
8829 -13
8830 -13
8831 -13
8832 -13
8833 -13
8834 -13
8835 -13
8836 -13
8837 -13
8838 -13
8839 -13
8840 -13
8841 -13
8842 -13
8843 -13
8844 -13
8845 -13
8846 -13
8847 -13
8848 -13
8849 -13
8850 -13
8851 -13
8852 -13
8853 -13
8854 -13
8855 -13
8856 -13
8857 -13
8858 -13
8859 -13
8860 -13
8861 -13
8862 -13
8863 -13
8864 -13
8865 -13
8866 -13
8867 -13
8868 -13
8869 -13
8870 -13
8871 -13
8872 -13
8873 -13
8874 -13
8875 -13
8876 -13
8877 -13
8878 -13
8879 -13
8880 -13
8881 -13
8882 -13
8883 -13
8884 -13
8885 -13
8886 -13
8887 -13
8888 -13
8889 -13
8890 -13
8891 -13
8892 -13
8893 -13
8894 -13
8895 -13
8896 -13
8897 -13
8898 -13
8899 -13
8900 -13
8901 -13
8902 -13
8903 -13
8904 -13
8905 -13
8906 -13
8907 -13
8908 -13
8909 -13
8910 -13
8911 -13
8912 -13
8913 -13
8914 -13
8915 -13
8916 -13
8917 -13
8918 -13
8919 -13
8920 -13
8921 -13
8922 -13
8923 -13
8924 -13
8925 -13
8926 -13
8927 -13
8928 -13
8929 -13
8930 -13
8931 -13
8932 -13
8933 -13
8934 -13
8935 -13
8936 -13
8937 -13
8938 -13
8939 -13
8940 -13
8941 -13
8942 -13
8943 -13
8944 -13
8945 -13
8946 -13
8947 -13
8948 -13
8949 -13
8950 -13
8951 -13
8952 -13
8953 -13
8954 -13
8955 -13
8956 -13
8957 -13
8958 -13
8959 -13
8960 -13
8961 -13
8962 -13
8963 -13
8964 -13
8965 -13
8966 -13
8967 -13
8968 -13
8969 -13
8970 -13
8971 -13
8972 -13
8973 -13
8974 -13
8975 -13
8976 -13
8977 -13
8978 -13
8979 -13
8980 -13
8981 -13
8982 -13
8983 -13
8984 -13
8985 -13
8986 -13
8987 -13
8988 -13
8989 -13
8990 -13
8991 -13
8992 -13
8993 -13
8994 -13
8995 -13
8996 -13
8997 -13
8998 -13
8999 -13
9000 -13
9001 -13
9002 -13
9003 -13
9004 -13
9005 -13
9006 -13
9007 -13
9008 -13
9009 -13
9010 -13
9011 -13
9012 -13
9013 -13
9014 -13
9015 -13
9016 -13
9017 -13
9018 -13
9019 -13
9020 -13
9021 -13
9022 -13
9023 -13
9024 -13
9025 -13
9026 -13
9027 -13
9028 -13
9029 -13
9030 -13
9031 -13
9032 -13
9033 -13
9034 -13
9035 -13
9036 -13
9037 -13
9038 -13
9039 -13
9040 -13
9041 -13
9042 -13
9043 -13
9044 -13
9045 -13
9046 -13
9047 -13
9048 -13
9049 -13
9050 -13
9051 -13
9052 -13
9053 -13
9054 -13
9055 -13
9056 -13
9057 -13
9058 -13
9059 -13
9060 -13
9061 -13
9062 -13
9063 -13
9064 -13
9065 -13
9066 -13
9067 -13
9068 -13
9069 -13
9070 -13
9071 -13
9072 -13
9073 -13
9074 -13
9075 -13
9076 -13
9077 -13
9078 -13
9079 -13
9080 -13
9081 -13
9082 -13
9083 -13
9084 -13
9085 -13
9086 -13
9087 -13
9088 -13
9089 -13
9090 -13
9091 -13
9092 -13
9093 -13
9094 -13
9095 -13
9096 -13
9097 -13
9098 -13
9099 -13
9100 -13
9101 -13
9102 -13
9103 -13
9104 -13
9105 -13
9106 -13
9107 -13
9108 -13
9109 -13
9110 -13
9111 -13
9112 -13
9113 -13
9114 -13
9115 -13
9116 -13
9117 -13
9118 -13
9119 -13
9120 -13
9121 -13
9122 -13
9123 -13
9124 -13
9125 -13
9126 -13
9127 -13
9128 -13
9129 -13
9130 -13
9131 -13
9132 -13
9133 -13
9134 -13
9135 -13
9136 -13
9137 -13
9138 -13
9139 -13
9140 -13
9141 -13
9142 -13
9143 -13
9144 -13
9145 -13
9146 -13
9147 -13
9148 -13
9149 -13
9150 -13
9151 -13
9152 -13
9153 -13
9154 -13
9155 -13
9156 -13
9157 -13
9158 -13
9159 -13
9160 -13
9161 -13
9162 -13
9163 -13
9164 -13
9165 -13
9166 -13
9167 -13
9168 -13
9169 -13
9170 -13
9171 -13
9172 -13
9173 -13
9174 -13
9175 -13
9176 -13
9177 -13
9178 -13
9179 -13
9180 -13
9181 -13
9182 -13
9183 -13
9184 -13
9185 -13
9186 -13
9187 -13
9188 -13
9189 -13
9190 -13
9191 -13
9192 -13
9193 -13
9194 -13
9195 -13
9196 -13
9197 -13
9198 -13
9199 -13
9200 -13
9201 -13
9202 -13
9203 -13
9204 -13
9205 -13
9206 -13
9207 -13
9208 -13
9209 -13
9210 -13
9211 -13
9212 -13
9213 -13
9214 -13
9215 -13
9216 -13
9217 -13
9218 -13
9219 -13
9220 -13
9221 -13
9222 -13
9223 -13
9224 -13
9225 -13
9226 -13
9227 -13
9228 -13
9229 -13
9230 -13
9231 -13
9232 -13
9233 -13
9234 -13
9235 -13
9236 -13
9237 -13
9238 -13
9239 -13
9240 -13
9241 -13
9242 -13
9243 -13
9244 -13
9245 -13
9246 -13
9247 -13
9248 -13
9249 -13
9250 -13
9251 -13
9252 -13
9253 -13
9254 -13
9255 -13
9256 -13
9257 -13
9258 -13
9259 -13
9260 -13
9261 -13
9262 -13
9263 -13
9264 -13
9265 -13
9266 -13
9267 -13
9268 -13
9269 -13
9270 -13
9271 -13
9272 -13
9273 -13
9274 -13
9275 -13
9276 -13
9277 -13
9278 -13
9279 -13
9280 -13
9281 -13
9282 -13
9283 -13
9284 -13
9285 -13
9286 -13
9287 -13
9288 -13
9289 -13
9290 -13
9291 -13
9292 -13
9293 -13
9294 -13
9295 -13
9296 -13
9297 -13
9298 -13
9299 -13
9300 -13
9301 -13
9302 -13
9303 -13
9304 -13
9305 -13
9306 -13
9307 -13
9308 -13
9309 -13
9310 -13
9311 -13
9312 -13
9313 -13
9314 -13
9315 -13
9316 -13
9317 -13
9318 -13
9319 -13
9320 -13
9321 -13
9322 -13
9323 -13
9324 -13
9325 -13
9326 -13
9327 -13
9328 -13
9329 -13
9330 -13
9331 -13
9332 -13
9333 -13
9334 -13
9335 -13
9336 -13
9337 -13
9338 -13
9339 -13
9340 -13
9341 -13
9342 -13
9343 -13
9344 -13
9345 -13
9346 -13
9347 -13
9348 -13
9349 -13
9350 -13
9351 -13
9352 -13
9353 -13
9354 -13
9355 -13
9356 -13
9357 -13
9358 -13
9359 -13
9360 -13
9361 -13
9362 -13
9363 -13
9364 -13
9365 -13
9366 -13
9367 -13
9368 -13
9369 -13
9370 -13
9371 -13
9372 -13
9373 -13
9374 -13
9375 -13
9376 -13
9377 -13
9378 -13
9379 -13
9380 -13
9381 -13
9382 -13
9383 -13
9384 -13
9385 -13
9386 -13
9387 -13
9388 -13
9389 -13
9390 -13
9391 -13
9392 -13
9393 -13
9394 -13
9395 -13
9396 -13
9397 -13
9398 -13
9399 -13
9400 -13
9401 -13
9402 -13
9403 -13
9404 -13
9405 -13
9406 -13
9407 -13
9408 -13
9409 -13
9410 -13
9411 -13
9412 -13
9413 -13
9414 -13
9415 -13
9416 -13
9417 -13
9418 -13
9419 -13
9420 -13
9421 -13
9422 -13
9423 -13
9424 -13
9425 -13
9426 -13
9427 -13
9428 -13
9429 -13
9430 -13
9431 -13
9432 -13
9433 -13
9434 -13
9435 -13
9436 -13
9437 -13
9438 -13
9439 -13
9440 -13
9441 -13
9442 -13
9443 -13
9444 -13
9445 -13
9446 -13
9447 -13
9448 -13
9449 -13
9450 -13
9451 -13
9452 -13
9453 -13
9454 -13
9455 -13
9456 -13
9457 -13
9458 -13
9459 -13
9460 -13
9461 -13
9462 -13
9463 -13
9464 -13
9465 -13
9466 -13
9467 -13
9468 -13
9469 -13
9470 -13
9471 -13
9472 -13
9473 -13
9474 -13
9475 -13
9476 -13
9477 -13
9478 -13
9479 -13
9480 -13
9481 -13
9482 -13
9483 -13
9484 -13
9485 -13
9486 -13
9487 -13
9488 -13
9489 -13
9490 -13
9491 -13
9492 -13
9493 -13
9494 -13
9495 -13
9496 -13
9497 -13
9498 -13
9499 -13
9500 -13
9501 -13
9502 -13
9503 -13
9504 -13
9505 -13
9506 -13
9507 -13
9508 -13
9509 -13
9510 -13
9511 -13
9512 -13
9513 -13
9514 -13
9515 -13
9516 -13
9517 -13
9518 -13
9519 -13
9520 -13
9521 -13
9522 -13
9523 -13
9524 -13
9525 -13
9526 -13
9527 -13
9528 -13
9529 -13
9530 -13
9531 -13
9532 -13
9533 -13
9534 -13
9535 -13
9536 -13
9537 -13
9538 -13
9539 -13
9540 -13
9541 -13
9542 -13
9543 -13
9544 -13
9545 -13
9546 -13
9547 -13
9548 -13
9549 -13
9550 -13
9551 -13
9552 -13
9553 -13
9554 -13
9555 -13
9556 -13
9557 -13
9558 -13
9559 -13
9560 -13
9561 -13
9562 -13
9563 -13
9564 -13
9565 -13
9566 -13
9567 -13
9568 -13
9569 -13
9570 -13
9571 -13
9572 -13
9573 -13
9574 -13
9575 -13
9576 -13
9577 -13
9578 -13
9579 -13
9580 -13
9581 -13
9582 -13
9583 -13
9584 -13
9585 -13
9586 -13
9587 -13
9588 -13
9589 -13
9590 -13
9591 -13
9592 -13
9593 -13
9594 -13
9595 -13
9596 -13
9597 -13
9598 -13
9599 -13
9600 -13
9601 -13
9602 -13
9603 -13
9604 -13
9605 -13
9606 -13
9607 -13
9608 -13
9609 -13
9610 -13
9611 -13
9612 -13
9613 -13
9614 -13
9615 -13
9616 -13
9617 -13
9618 -13
9619 -13
9620 -13
9621 -13
9622 -13
9623 -13
9624 -13
9625 -13
9626 -13
9627 -13
9628 -13
9629 -13
9630 -13
9631 -13
9632 -13
9633 -13
9634 -13
9635 -13
9636 -13
9637 -13
9638 -13
9639 -13
9640 -13
9641 -13
9642 -13
9643 -13
9644 -13
9645 -13
9646 -13
9647 -13
9648 -13
9649 -13
9650 -13
9651 -13
9652 -13
9653 -13
9654 -13
9655 -13
9656 -13
9657 -13
9658 -13
9659 -13
9660 -13
9661 -13
9662 -13
9663 -13
9664 -13
9665 -13
9666 -13
9667 -13
9668 -13
9669 -13
9670 -13
9671 -13
9672 -13
9673 -13
9674 -13
9675 -13
9676 -13
9677 -13
9678 -13
9679 -13
9680 -13
9681 -13
9682 -13
9683 -13
9684 -13
9685 -13
9686 -13
9687 -13
9688 -13
9689 -13
9690 -13
9691 -13
9692 -13
9693 -13
9694 -13
9695 -13
9696 -13
9697 -13
9698 -13
9699 -13
9700 -13
9701 -13
9702 -13
9703 -13
9704 -13
9705 -13
9706 -13
9707 -13
9708 -13
9709 -13
9710 -13
9711 -13
9712 -13
9713 -13
9714 -13
9715 -13
9716 -13
9717 -13
9718 -13
9719 -13
9720 -13
9721 -13
9722 -13
9723 -13
9724 -13
9725 -13
9726 -13
9727 -13
9728 -13
9729 -13
9730 -13
9731 -13
9732 -13
9733 -13
9734 -13
9735 -13
9736 -13
9737 -13
9738 -13
9739 -13
9740 -13
9741 -13
9742 -13
9743 -13
9744 -13
9745 -13
9746 -13
9747 -13
9748 -13
9749 -13
9750 -13
9751 -13
9752 -13
9753 -13
9754 -13
9755 -13
9756 -13
9757 -13
9758 -13
9759 -13
9760 -13
9761 -13
9762 -13
9763 -13
9764 -13
9765 -13
9766 -13
9767 -13
9768 -13
9769 -13
9770 -13
9771 -13
9772 -13
9773 -13
9774 -13
9775 -13
9776 -13
9777 -13
9778 -13
9779 -13
9780 -13
9781 -13
9782 -13
9783 -13
9784 -13
9785 -13
9786 -13
9787 -13
9788 -13
9789 -13
9790 -13
9791 -13
9792 -13
9793 -13
9794 -13
9795 -13
9796 -13
9797 -13
9798 -13
9799 -13
9800 -13
9801 -13
9802 -13
9803 -13
9804 -13
9805 -13
9806 -13
9807 -13
9808 -13
9809 -13
9810 -13
9811 -13
9812 -13
9813 -13
9814 -13
9815 -13
9816 -13
9817 -13
9818 -13
9819 -13
9820 -13
9821 -13
9822 -13
9823 -13
9824 -13
9825 -13
9826 -13
9827 -13
9828 -13
9829 -13
9830 -13
9831 -13
9832 -13
9833 -13
9834 -13
9835 -13
9836 -13
9837 -13
9838 -13
9839 -13
9840 -13
9841 -13
9842 -13
9843 -13
9844 -13
9845 -13
9846 -13
9847 -13
9848 -13
9849 -13
9850 -13
9851 -13
9852 -13
9853 -13
9854 -13
9855 -13
9856 -13
9857 -13
9858 -13
9859 -13
9860 -13
9861 -13
9862 -13
9863 -13
9864 -13
9865 -13
9866 -13
9867 -13
9868 -13
9869 -13
9870 -13
9871 -13
9872 -13
9873 -13
9874 -13
9875 -13
9876 -13
9877 -13
9878 -13
9879 -13
9880 -13
9881 -13
9882 -13
9883 -13
9884 -13
9885 -13
9886 -13
9887 -13
9888 -13
9889 -13
9890 -13
9891 -13
9892 -13
9893 -13
9894 -13
9895 -13
9896 -13
9897 -13
9898 -13
9899 -13
9900 -13
9901 -13
9902 -13
9903 -13
9904 -13
9905 -13
9906 -13
9907 -13
9908 -13
9909 -13
9910 -13
9911 -13
9912 -13
9913 -13
9914 -13
9915 -13
9916 -13
9917 -13
9918 -13
9919 -13
9920 -13
9921 -13
9922 -13
9923 -13
9924 -13
9925 -13
9926 -13
9927 -13
9928 -13
9929 -13
9930 -13
9931 -13
9932 -13
9933 -13
9934 -13
9935 -13
9936 -13
9937 -13
9938 -13
9939 -13
9940 -13
9941 -13
9942 -13
9943 -13
9944 -13
9945 -13
9946 -13
9947 -13
9948 -13
9949 -13
9950 -13
9951 -13
9952 -13
9953 -13
9954 -13
9955 -13
9956 -13
9957 -13
9958 -13
9959 -13
9960 -13
9961 -13
9962 -13
9963 -13
9964 -13
9965 -13
9966 -13
9967 -13
9968 -13
9969 -13
9970 -13
9971 -13
9972 -13
9973 -13
9974 -13
9975 -13
9976 -13
9977 -13
9978 -13
9979 -13
9980 -13
9981 -13
9982 -13
9983 -13
9984 -13
9985 -13
9986 -13
9987 -13
9988 -13
9989 -13
9990 -13
9991 -13
9992 -13
9993 -13
9994 -13
9995 -13
9996 -13
9997 -13
9998 -13
9999 -13
